01.08.2024	15:08:41	15:08:51	15:09:01	15:09:11	15:09:21	15:09:31	15:09:41	15:09:51	15:10:01	15:10:11	15:10:21	15:10:31
LuQY (%)	0.0043	0.0006	0.0005	0.0005	0.0005	0.0005	0.0005	0.0005	0.0005	0.0005	0.0005	0.0005
iVoc (V)	1.2154	1.3778	1.3834	1.3728	1.3823	1.6474	1.6517	1.6490	1.6515	1.6526	1.6479	1.6517
iVoc confidence	0.0000	1.0000	1.0000	1.0000	1.0000	1.0000	0.0000	0.0000	0.0000	0.0000	0.0000	0.0000
Laser Intensity (suns)	0.0000	0.0000	0.0000	0.0000	0.0000	0.0000	0.0000	0.0000	0.0000	0.0000	0.0000	0.0000
Bias voltage (V)	0.0000	0.0000	0.0000	0.0000	0.0000	0.0000	0.0000	0.0000	0.0000	0.0000	0.0000	0.0000
SMU current density (mA/cm2)	0.0000	0.0000	0.0000	0.0000	0.0000	0.0000	0.0000	0.0000	0.0000	0.0000	0.0000	0.0000
Integration Time (ms)	500.0000	500.0000	500.0000	500.0000	500.0000	500.0000	500.0000	500.0000	500.0000	500.0000	500.0000	500.0000
Delay Time (s)	10.0000	10.0000	10.0000	10.0000	10.0000	10.0000	10.0000	10.0000	10.0000	10.0000	10.0000	10.0000
Bandgap (eV) 	2.0264	2.0367	2.0264	2.0367	2.3205	2.3272	2.3238	2.3272	2.3272	2.3205	2.3272	2.3238
Jsc (mA/cmｲ)	11.5602	11.3749	11.5602	11.3749	6.9746	6.9113	6.9424	6.9113	6.9113	6.9746	6.9113	6.9424
EQE @ laser wavelength	0.9000	0.9000	0.9000	0.9000	0.9000	0.9000	0.9000	0.9000	0.9000	0.9000	0.9000	0.9000
Laser spot size (cmｲ)	0.1400	0.1400	0.1400	0.1400	0.1400	0.1400	0.1400	0.1400	0.1400	0.1400	0.1400	0.1400
Subcell area (cmｲ)	1.0000	1.0000	1.0000	1.0000	1.0000	1.0000	1.0000	1.0000	1.0000	1.0000	1.0000	1.0000
Subcell												
--	--	--	--	--	--	--	--	--	--	--	--	
												
Wavelength (nm)	Raw Spectrum (counts)											
												
396.0	-3.6	-1.6	0.4	-1.6	-3.6	-3.6	-3.6	-7.6	-9.6	-1.6	-3.6	-5.6
396.8	-5.9	2.1	-1.2	0.8	-2.5	-0.5	-0.5	-2.5	-5.2	-3.2	1.5	0.1
397.6	-4.5	2.8	-3.2	-1.2	-4.5	1.5	-1.2	0.1	-1.9	-2.5	2.1	0.8
398.4	0.9	2.9	-3.1	-1.1	-2.4	0.3	0.3	-1.1	-4.4	0.9	1.6	0.9
399.1	3.3	1.3	-3.3	-1.3	0.0	2.0	1.3	-0.7	-2.7	5.3	-1.3	-1.3
399.9	1.3	0.7	0.7	-2.0	4.0	-0.7	6.7	-1.3	-2.0	4.7	-3.3	0.7
400.7	-2.3	0.4	3.7	-3.6	4.4	1.7	5.1	2.4	1.7	3.7	-1.6	1.7
401.5	-0.9	-0.9	4.4	-2.9	2.4	0.4	1.7	0.4	1.1	2.4	2.4	1.1
402.3	1.1	2.4	5.1	2.4	4.4	5.7	-0.9	3.7	0.4	2.4	5.7	-0.9
403.1	3.3	4.7	3.3	2.0	-0.7	4.7	0.0	2.7	3.3	-0.7	6.7	-3.3
403.9	-2.7	10.0	2.0	-0.7	-1.3	4.7	3.3	3.3	4.0	-2.0	0.0	0.7
404.7	-2.5	4.1	-2.5	-3.9	-1.9	5.5	-0.5	1.5	5.5	-0.5	-0.5	0.1
405.5	-3.9	4.1	-1.9	0.1	0.8	5.5	-0.5	-0.5	0.8	0.8	-3.2	2.8
406.3	0.8	2.8	0.1	2.1	2.1	5.5	-1.2	-2.5	0.1	1.5	-1.2	0.8
407.1	0.0	5.3	3.3	2.0	-3.3	1.3	2.0	-3.3	-3.3	-2.7	-3.3	4.0
407.9	-0.1	3.9	4.5	0.5	-4.8	-2.1	1.2	-1.5	-4.1	-2.8	-3.5	1.9
408.7	-1.2	3.5	2.1	1.5	-4.5	0.1	2.8	4.1	-4.5	-4.5	-5.2	5.5
409.5	-1.6	1.7	-2.3	0.4	-2.9	-2.3	1.7	3.1	-4.3	-0.9	-2.9	3.1
410.2	-3.2	2.1	-5.2	-2.5	2.1	0.1	1.5	2.8	-1.9	4.1	-2.5	4.1
411.0	-3.5	0.5	-6.1	-3.5	1.2	0.5	1.2	1.2	1.9	7.9	1.2	4.5
411.8	0.4	3.7	-2.9	0.4	5.7	2.4	5.1	3.1	4.4	9.1	1.7	8.4
412.6	2.0	2.7	-0.7	4.0	7.3	1.3	4.7	3.3	4.7	7.3	3.3	7.3
413.4	2.8	0.1	0.8	0.1	7.5	-3.2	3.5	0.8	2.8	4.1	2.8	2.1
414.2	2.1	-3.9	0.1	-0.5	3.5	-4.5	0.8	-0.5	2.1	4.1	1.5	-3.9
415.0	4.9	-5.1	-3.1	2.3	0.3	-7.1	4.3	-3.7	3.6	1.6	1.6	-6.4
415.8	6.7	-2.0	-0.7	4.0	-1.3	-5.3	3.3	-3.3	3.3	2.7	0.0	-6.0
416.6	0.4	-1.6	-1.6	3.7	-2.9	-6.3	0.4	-4.9	0.4	1.7	1.1	-2.9
417.4	-0.8	1.2	1.9	-0.8	-2.8	-0.1	0.5	1.9	3.2	3.2	-2.1	3.2
418.2	-5.3	1.3	2.0	0.7	0.7	0.7	2.0	4.0	6.7	4.0	3.3	2.7
419.0	-3.1	5.6	8.3	6.3	5.6	2.9	6.9	6.9	9.6	3.6	8.3	1.6
419.7	-3.3	0.7	4.7	4.0	5.3	0.7	4.0	5.3	7.3	4.7	8.7	0.0
420.5	-2.4	0.9	2.3	0.9	6.3	0.9	1.6	4.3	1.6	3.6	6.9	2.9
421.3	-0.7	-1.3	-3.3	-6.7	2.0	0.0	1.3	3.3	-0.7	3.3	0.0	4.0
422.1	-1.1	0.9	-0.4	-5.7	-1.1	-2.4	-1.1	2.3	-2.4	-1.7	4.3	-0.4
422.9	-2.5	-0.5	0.1	-2.5	-5.9	-9.2	0.8	0.8	-0.5	0.1	4.8	-4.5
423.7	-1.1	-1.1	3.6	0.3	-2.4	-9.1	0.9	3.6	2.3	0.3	6.3	-2.4
424.5	-2.0	-0.7	2.7	2.7	-0.0	-7.3	2.7	1.3	-1.3	2.0	0.7	2.0
425.3	0.1	1.5	1.5	1.5	2.1	-1.9	-1.9	2.8	-2.5	0.1	-1.2	5.5
426.1	-3.5	2.5	1.2	-1.5	-2.1	1.9	-2.8	-2.1	-4.1	1.9	-1.5	3.2
426.9	-4.5	0.8	2.1	-1.2	-1.9	1.5	-3.2	1.5	-1.2	3.5	2.1	2.1
427.6	-2.8	-2.1	7.2	0.5	-0.8	3.2	1.2	1.9	0.5	5.9	5.9	4.5
428.4	1.5	-1.2	5.5	4.1	1.5	1.5	3.5	4.1	5.5	5.5	5.5	6.1
429.2	3.3	-0.7	4.7	6.0	4.7	2.7	3.3	3.3	9.3	8.7	6.7	6.0
430.0	2.8	1.5	2.1	4.8	4.8	2.1	-0.5	5.5	9.5	6.1	4.1	0.8
430.8	-1.2	1.5	1.5	6.1	8.8	4.1	-3.9	4.8	6.8	8.8	4.1	1.5
431.6	-1.7	2.9	0.3	5.6	5.6	6.3	-5.1	-0.4	2.3	7.6	-1.1	1.6
432.4	-0.3	4.4	1.1	5.1	5.7	5.7	-0.9	-6.3	4.4	6.4	-1.6	7.7
433.2	0.4	6.4	2.4	-0.3	4.4	3.1	0.4	-4.3	1.7	2.4	-0.3	4.4
434.0	0.3	4.3	2.9	-1.1	3.6	-0.4	3.6	-3.7	2.9	0.3	1.6	5.6
434.8	0.3	2.9	-1.1	0.3	0.9	-0.4	4.9	0.3	3.6	5.6	3.6	2.3
435.5	2.5	2.5	0.5	0.5	0.5	-3.5	3.2	-2.8	7.2	6.5	3.2	5.2
436.3	2.3	4.9	-0.4	-1.7	0.3	-1.7	3.6	-1.7	6.9	4.3	2.9	2.3
437.1	2.5	7.2	2.5	0.5	1.2	-2.8	1.2	-0.8	2.5	-0.1	-2.1	2.5
437.9	1.3	6.7	-2.0	3.3	-0.7	2.0	0.7	2.7	4.0	-0.7	-1.3	0.0
438.7	2.9	5.6	-3.7	5.6	-0.4	2.9	-3.1	5.6	4.9	1.6	-3.1	1.6
439.5	2.5	5.9	-2.8	6.5	1.9	5.9	-4.1	5.2	7.2	1.9	-1.5	0.5
440.3	3.7	5.1	0.4	8.4	2.4	4.4	-2.3	4.4	1.7	1.1	-0.9	1.1
441.1	3.7	9.1	1.7	7.7	2.4	0.4	3.7	3.7	0.4	1.7	3.1	-2.3
441.9	0.4	3.1	-1.6	1.1	-2.3	-4.3	5.1	1.1	-3.6	-0.9	0.4	-3.6
442.6	-1.5	-0.8	-6.1	-0.1	-4.8	-5.5	1.9	0.5	-2.1	2.5	-3.5	-0.8
443.4	-2.0	-2.0	-4.0	2.7	-6.0	-4.0	-4.0	-2.0	-3.3	6.0	-4.7	2.7
444.2	0.8	-1.9	-0.5	8.1	-2.5	-1.2	-4.5	-0.5	-1.9	8.8	0.1	4.1
445.0	1.1	-0.9	1.7	5.1	1.1	-0.3	-2.9	-1.6	-0.3	5.7	1.1	1.1
445.8	-1.7	-3.1	4.9	2.3	4.3	2.9	-1.1	-0.4	4.3	2.9	4.9	3.6
446.6	-2.0	-2.0	2.0	-0.7	5.3	2.0	-0.7	1.3	8.7	0.7	6.7	4.7
447.4	-3.1	1.6	0.3	-2.4	4.3	3.6	-1.7	0.3	9.6	2.9	11.6	4.9
448.2	-0.5	1.5	-4.5	-2.5	2.1	2.8	-4.5	0.1	3.5	-1.9	10.1	-1.2
449.0	0.4	2.4	-3.6	-1.6	3.1	2.4	-9.6	-4.3	-2.9	-0.9	3.1	-2.3
449.7	4.1	-0.5	-0.5	2.1	4.1	2.1	-10.5	-5.9	-5.9	-2.5	-1.9	-0.5
450.5	4.7	2.0	2.0	2.7	2.7	2.7	-6.0	-4.7	-4.0	2.0	-3.3	3.3
451.3	1.1	1.7	-0.3	1.1	-2.3	1.7	-0.9	-4.3	-1.6	1.7	-1.6	3.1
452.1	0.1	2.8	3.5	2.8	-7.9	0.1	3.5	-3.2	3.5	2.1	2.1	3.5
452.9	-2.1	-0.1	0.5	1.2	-4.8	-4.8	2.5	-1.5	3.2	1.9	-1.5	1.9
453.7	0.7	0.7	6.0	2.7	-2.0	-2.0	0.7	2.0	4.7	2.7	0.7	7.3
454.5	-2.7	0.7	2.0	2.0	3.3	-2.7	1.3	6.0	-0.7	3.3	-0.7	6.7
455.3	2.3	-3.1	1.6	-1.7	-1.1	0.9	3.6	2.9	2.3	2.9	2.3	2.3
456.0	7.1	-0.9	0.4	-2.3	3.1	-2.3	6.4	3.7	4.4	2.4	5.7	-1.6
456.8	7.1	-0.9	-0.9	-2.3	-0.3	-3.6	2.4	1.1	6.4	1.1	4.4	-3.6
457.6	0.7	4.0	1.3	5.3	3.3	-1.3	0.7	0.7	5.3	0.0	8.7	2.7
458.4	-6.5	-1.9	-2.5	2.1	-0.5	2.8	-1.9	-3.9	4.1	0.8	2.8	1.5
459.2	-2.9	-1.6	-5.6	-0.9	0.4	4.4	-1.6	-4.3	3.1	-1.6	1.1	-0.3
460.0	0.7	-2.0	-6.7	-0.7	3.3	0.7	-3.3	-2.7	6.7	1.3	-1.3	1.3
460.8	2.5	0.5	-2.8	3.2	3.9	-0.8	-2.8	1.9	4.5	-0.1	0.5	0.5
461.6	1.2	0.5	3.9	7.2	6.5	1.9	0.5	6.5	3.9	2.5	3.2	5.2
462.3	0.3	-2.4	3.6	2.3	1.6	5.6	5.6	4.9	1.6	2.9	0.9	3.6
463.1	-0.5	4.1	2.1	2.8	3.5	8.8	6.8	7.5	4.1	5.5	2.8	6.1
463.9	3.5	5.5	0.1	-1.2	2.1	8.8	6.8	6.8	8.1	8.1	3.5	2.8
464.7	4.5	8.5	1.9	2.5	7.9	7.9	3.2	7.9	8.5	5.9	7.9	2.5
465.5	7.6	5.6	0.9	2.9	6.9	6.3	4.3	2.9	6.9	5.6	6.9	-1.1
466.3	4.1	4.1	-0.5	6.8	9.5	6.8	4.1	4.1	4.1	1.5	7.5	0.1
467.1	4.4	7.1	-0.9	7.1	3.1	5.1	3.1	4.4	4.4	3.1	5.7	-1.6
467.8	-0.4	5.6	-1.7	4.9	0.9	2.3	3.6	1.6	3.6	-1.1	3.6	-2.4
468.6	-1.6	4.4	-2.3	5.1	3.1	-0.9	3.7	-4.9	5.1	-2.9	2.4	-1.6
469.4	-1.3	-2.7	0.0	2.7	3.3	-2.7	4.0	-6.0	3.3	-4.0	-3.3	-4.0
470.2	0.0	-6.0	0.7	1.3	2.0	-0.7	2.0	-1.3	4.0	-2.0	-3.3	-1.3
471.0	0.3	-4.4	3.6	-0.4	-3.1	2.3	2.9	0.9	2.3	0.3	-5.7	-1.7
471.8	4.3	-1.7	2.9	-3.1	-1.7	3.6	4.3	4.9	2.9	1.6	-1.7	1.6
472.6	4.1	0.1	5.5	0.8	1.5	0.1	4.8	6.1	4.8	4.8	-1.2	1.5
473.3	3.1	-0.3	1.7	-1.6	3.1	-1.6	-1.6	5.1	3.7	7.1	-2.3	3.1
474.1	-1.2	2.1	0.8	4.1	4.1	-2.5	1.5	6.1	5.5	8.8	-2.5	4.1
474.9	-0.5	0.1	-5.2	2.8	1.5	-1.9	0.1	1.5	5.5	6.1	-1.2	6.1
475.7	3.5	2.8	-3.9	4.1	2.8	-3.9	4.8	3.5	9.5	1.5	2.1	4.1
476.5	3.5	2.1	-3.9	4.1	4.8	-0.5	0.8	2.1	8.1	0.1	0.1	0.1
477.3	3.9	1.9	1.2	4.5	5.9	-0.1	0.5	5.2	7.9	2.5	0.5	-3.5
478.1	0.5	-2.1	1.9	-1.5	3.2	0.5	-1.5	4.5	4.5	2.5	1.2	-3.5
478.8	-0.7	-2.0	3.3	-6.0	0.0	2.0	1.3	1.3	5.3	-2.7	3.3	-2.0
479.6	-2.1	-0.1	4.5	-7.5	-1.5	5.9	-0.1	0.5	5.2	-2.8	1.2	1.2
480.4	-1.6	3.1	5.7	-3.6	-1.6	7.7	3.1	1.1	9.7	2.4	5.7	3.1
481.2	1.9	-0.1	8.5	0.5	-0.8	5.9	-0.8	4.5	9.2	2.5	4.5	5.9
482.0	6.0	0.7	8.0	2.7	4.0	4.0	6.0	2.0	9.3	6.0	6.7	3.3
482.8	8.0	0.0	8.0	6.0	6.0	4.7	4.0	5.3	7.3	5.3	1.3	1.3
483.6	6.4	-0.9	3.1	3.7	5.7	3.1	4.4	3.7	3.1	9.7	1.1	-2.9
484.3	0.0	-2.7	1.3	2.7	2.0	0.7	-6.0	4.7	-2.7	0.0	1.3	-4.0
485.1	-0.9	-2.9	-0.3	0.4	0.4	-2.9	-2.9	1.1	-4.9	-1.6	-0.9	-4.3
485.9	-0.4	-3.1	0.9	0.3	3.6	-3.7	-1.1	0.3	-3.1	-1.1	2.3	-3.1
486.7	4.7	0.7	3.3	-0.7	4.7	-0.7	10.7	4.7	3.3	5.3	2.0	-0.7
487.5	2.1	0.8	2.1	1.5	1.5	4.1	6.8	4.1	0.1	4.8	2.1	2.1
488.3	-2.3	1.1	1.1	3.1	-1.6	3.1	7.1	1.1	1.7	3.7	1.7	3.1
489.0	-2.5	-1.2	2.1	6.1	-3.2	1.5	0.8	-3.2	1.5	2.8	2.1	2.8
489.8	-5.2	-3.9	2.1	3.5	0.1	-1.9	0.1	-3.9	6.1	4.8	2.1	0.1
490.6	-2.9	-3.6	3.1	2.4	7.7	-1.6	1.7	-2.9	8.4	4.4	0.4	1.7
491.4	-2.1	-4.1	-0.1	-0.1	7.2	-1.5	1.2	-0.8	3.2	3.9	-1.5	4.5
492.2	2.8	-1.2	0.1	1.5	9.5	-0.5	0.8	-1.9	0.1	2.1	-0.5	6.8
493.0	4.9	1.6	-1.1	0.3	0.3	-0.4	-2.4	-1.1	-5.1	1.6	-1.1	4.3
493.7	2.5	3.9	-1.5	1.2	3.2	1.2	-0.8	0.5	-2.1	-0.8	-0.8	2.5
494.5	-0.5	2.1	-4.5	-2.5	-0.5	0.1	0.8	0.8	-4.5	-4.5	1.5	-1.2
495.3	-2.7	1.3	-3.3	-3.3	2.0	-0.0	2.0	1.3	-4.0	-3.3	-0.0	0.7
496.1	0.3	1.6	0.3	-1.7	0.3	-1.7	2.3	0.3	-1.7	1.6	2.9	2.3
496.9	5.7	1.1	7.7	0.4	0.4	-1.6	2.4	1.7	2.4	7.1	-0.3	3.7
497.7	4.3	1.6	6.9	3.6	-1.7	1.6	2.3	3.6	3.6	10.3	5.6	4.9
498.4	-2.7	-3.3	2.0	0.0	-1.3	0.7	-2.7	0.0	1.3	4.7	1.3	6.0
499.2	-5.2	-1.2	-1.9	6.1	1.5	2.1	-3.2	2.8	3.5	3.5	4.8	7.5
500.0	-2.5	3.5	-5.2	6.1	4.1	1.5	-3.2	6.8	6.8	2.8	1.5	6.8
500.8	1.1	6.4	-2.3	6.4	3.1	1.7	-0.9	7.7	6.4	3.7	6.4	2.4
501.6	0.7	2.0	-4.0	3.3	-0.7	-2.0	-0.7	9.3	2.0	4.7	4.7	-0.7
502.4	0.4	0.4	-0.3	2.4	0.4	-4.3	-0.3	6.4	-2.9	-2.3	3.7	-3.6
503.1	4.3	-2.4	-2.4	6.3	0.3	-3.7	5.6	8.3	-3.1	0.9	0.3	0.3
503.9	0.9	-0.4	-1.7	3.6	2.9	-1.7	7.6	0.9	2.3	0.9	0.3	-0.4
504.7	-1.7	-0.4	0.3	1.6	7.6	-1.1	7.6	-0.4	4.9	4.3	0.3	1.6
505.5	-5.5	-2.1	1.2	-0.1	11.9	-0.8	3.2	0.5	4.5	3.2	1.9	-2.1
506.3	-4.0	0.7	4.0	0.7	12.7	-2.0	-1.3	4.0	-1.3	1.3	-1.3	-1.3
507.1	-0.1	-6.1	-0.8	-0.8	7.2	1.2	-0.8	1.2	-2.8	-1.5	-2.1	-0.1
507.8	1.1	-0.3	1.1	-3.6	0.4	3.1	0.4	2.4	-0.9	-2.3	-4.9	1.7
508.6	5.1	-4.3	-0.9	-2.3	-2.9	4.4	-0.3	1.1	2.4	-0.3	0.4	5.1
509.4	3.1	-4.3	3.7	0.4	-6.3	0.4	-0.9	3.1	3.1	1.1	1.7	5.1
510.2	3.3	-6.7	2.0	2.0	-3.3	-4.7	-2.7	1.3	1.3	0.7	2.7	4.7
511.0	2.4	-0.9	3.7	1.7	1.1	-4.9	1.7	4.4	3.1	-0.3	5.1	9.1
511.7	1.3	5.3	3.3	4.0	2.7	-2.0	2.7	5.3	4.7	2.7	6.7	5.3
512.5	-1.6	6.4	-1.6	2.4	5.1	-0.3	5.7	4.4	3.1	3.1	5.7	4.4
513.3	-3.2	2.8	2.8	8.1	2.1	2.1	7.5	3.5	4.1	4.1	3.5	1.5
514.1	-0.3	0.4	2.4	5.7	0.4	1.1	9.1	1.1	4.4	1.7	1.1	3.1
514.9	2.3	2.3	10.9	10.3	1.6	3.6	10.3	1.6	11.6	4.9	4.9	2.3
515.7	4.4	3.1	5.7	5.1	3.7	5.7	9.1	4.4	10.4	6.4	8.4	1.1
516.4	3.7	3.7	5.7	5.7	3.7	5.7	8.4	7.1	13.1	9.1	11.7	6.4
517.2	1.5	4.8	2.1	4.1	-0.5	5.5	9.5	2.8	4.1	7.5	9.5	10.1
518.0	0.7	2.0	4.0	4.0	-1.3	1.3	7.3	-1.3	0.7	4.7	2.7	7.3
518.8	-0.8	-1.5	0.5	1.2	0.5	-0.8	3.2	-4.8	-1.5	5.9	-2.1	3.2
519.6	3.7	-3.6	1.1	2.4	1.7	0.4	0.4	0.4	-0.9	7.7	-3.6	3.7
520.3	2.5	-0.8	-2.8	1.2	0.5	1.2	1.2	1.2	2.5	10.5	-3.5	7.2
521.1	4.8	0.8	0.1	6.1	4.1	2.8	6.8	3.5	4.8	8.8	-2.5	7.5
521.9	1.7	-2.9	-1.6	1.7	3.7	0.4	3.7	0.4	9.7	5.1	-0.3	3.1
522.7	1.3	-5.3	-0.7	2.7	0.7	0.0	3.3	1.3	4.7	4.0	2.0	2.0
523.5	-0.1	-4.8	-1.5	-0.1	-2.1	0.5	-2.1	-0.1	-1.5	3.2	3.2	0.5
524.2	-0.5	-3.9	1.5	0.8	-2.5	0.8	-0.5	2.8	-1.9	6.1	4.8	1.5
525.0	5.2	-1.5	1.2	1.9	3.2	2.5	1.2	4.5	1.2	7.2	7.9	1.2
525.8	8.3	0.3	2.3	1.6	-3.1	2.3	-0.4	5.6	1.6	4.3	6.9	0.9
526.6	9.6	0.3	-2.4	1.6	-0.4	4.9	0.9	4.9	2.9	2.3	6.3	0.9
527.4	2.0	0.0	0.7	3.3	0.7	9.3	-0.7	5.3	2.7	3.3	4.7	2.0
528.1	1.3	-0.7	-0.7	4.0	6.7	13.3	6.7	2.0	6.0	9.3	8.7	6.0
528.9	2.4	3.7	3.1	9.7	6.4	11.1	7.7	3.7	5.7	15.1	8.4	9.1
529.7	5.5	6.8	5.5	9.5	7.5	6.1	9.5	2.8	9.5	13.5	6.1	8.1
530.5	4.0	8.0	8.0	8.7	10.0	4.7	6.7	10.7	9.3	11.3	6.7	6.0
531.3	7.5	14.8	16.1	6.8	14.1	10.8	12.1	16.1	16.8	10.1	12.8	11.5
532.0	18.7	24.7	24.7	13.3	23.3	20.7	22.7	24.0	21.3	18.7	26.0	24.0
532.8	27.2	33.2	33.2	23.2	30.5	34.5	29.2	29.2	29.9	25.2	36.5	33.9
533.6	29.9	31.9	36.5	31.9	32.5	41.2	30.5	31.9	31.9	32.5	37.2	35.2
534.4	27.7	29.7	34.4	31.1	29.7	37.7	25.1	31.7	31.7	32.4	30.4	30.4
535.2	24.7	22.7	26.7	22.7	23.3	25.3	18.7	26.0	26.7	29.3	21.3	23.3
535.9	15.5	15.5	12.1	14.8	16.8	10.8	7.5	15.5	16.8	18.1	11.5	14.1
536.7	7.6	2.3	3.6	5.6	6.9	1.6	3.6	3.6	10.3	6.3	6.3	5.6
537.5	0.1	-3.2	1.5	6.8	4.1	-1.9	2.1	0.1	6.8	2.8	2.1	-0.5
538.3	-0.8	-3.5	1.9	5.2	1.2	-0.1	4.5	-0.1	5.2	2.5	1.2	1.2
539.1	-4.3	-0.3	-0.9	6.4	-0.3	4.4	5.1	-1.6	4.4	3.7	1.1	5.7
539.8	-4.7	4.7	-0.7	2.7	-2.0	4.0	6.7	0.7	6.7	8.0	0.7	10.7
540.6	-3.2	6.8	0.8	2.1	-1.2	4.1	6.1	0.1	8.8	7.5	4.1	12.1
541.4	-0.1	5.9	7.9	4.5	1.2	6.5	5.2	6.5	12.5	8.5	7.9	11.2
542.2	0.7	2.7	6.7	7.3	5.3	9.3	2.7	8.0	8.7	6.7	8.7	10.7
542.9	-0.0	3.3	9.3	6.7	6.0	9.3	2.7	12.0	7.3	6.7	10.0	12.7
543.7	-0.7	4.0	4.7	6.7	4.7	7.3	5.3	10.0	9.3	4.7	8.7	10.7
544.5	2.1	5.5	6.1	2.8	3.5	4.8	7.5	7.5	9.5	2.1	11.5	12.8
545.3	4.8	9.5	7.5	7.5	8.1	6.1	11.5	6.1	11.5	3.5	15.5	10.8
546.1	10.5	11.9	11.2	7.9	11.9	5.9	12.5	10.5	5.2	9.9	14.5	10.5
546.8	15.7	14.4	11.1	17.7	16.4	11.1	14.4	12.4	7.7	15.1	17.7	9.1
547.6	21.3	16.0	13.3	19.3	16.0	17.3	25.3	17.3	11.3	17.3	19.3	9.3
548.4	25.3	26.7	21.3	28.7	23.3	28.0	31.3	26.7	25.3	27.3	28.0	21.3
549.2	41.7	44.4	45.1	40.4	37.1	46.4	50.4	45.7	43.7	45.1	47.1	45.7
549.9	71.7	67.7	71.7	67.7	66.4	79.7	72.4	73.7	75.1	76.4	71.1	81.1
550.7	105.6	97.6	104.3	100.3	100.3	110.9	108.9	98.9	105.6	108.9	105.6	112.9
551.5	139.3	134.7	136.7	132.0	136.7	146.7	143.3	130.7	138.0	138.0	134.0	141.3
552.3	167.3	165.3	170.7	163.3	167.3	169.3	161.3	156.7	166.7	166.7	160.7	163.3
553.1	192.3	186.3	194.3	180.3	184.3	185.6	172.9	178.9	180.3	178.9	176.3	182.3
553.8	202.5	197.2	201.2	196.5	191.9	190.5	181.9	187.9	191.2	195.2	187.9	195.9
554.6	210.0	205.3	205.3	202.0	194.7	195.3	192.0	193.3	190.0	197.3	197.3	202.0
555.4	213.6	210.9	213.6	206.9	206.3	206.3	198.9	201.6	206.9	206.9	204.9	202.9
556.2	220.0	208.7	216.0	207.3	208.7	209.3	198.0	210.0	210.7	204.0	205.3	198.0
556.9	224.4	209.7	219.1	215.1	212.4	213.7	203.1	215.7	223.1	210.4	207.1	199.1
557.7	222.1	210.8	208.8	214.8	209.5	212.1	204.8	220.1	218.8	206.8	208.1	204.8
558.5	224.4	218.4	220.4	221.1	216.4	213.7	213.7	222.4	232.4	214.4	218.4	215.1
559.3	226.1	224.1	221.5	220.1	222.1	221.5	214.8	223.5	230.8	216.8	224.8	223.5
560.1	238.4	232.4	230.4	233.7	231.1	230.4	225.7	228.4	237.1	230.4	237.7	227.1
560.8	244.7	241.3	228.0	236.0	240.0	240.7	235.3	228.0	236.0	236.0	244.7	232.0
561.6	254.9	254.9	236.9	242.3	245.6	246.9	244.9	238.3	244.3	242.9	252.9	234.9
562.4	263.1	264.4	250.4	245.7	251.1	259.1	250.4	247.1	255.7	246.4	257.1	246.4
563.2	275.1	271.7	262.4	260.4	254.4	266.4	249.1	265.7	263.7	254.4	264.4	255.1
563.9	283.5	274.8	278.1	270.8	267.5	271.5	264.8	278.1	276.8	267.5	274.1	265.5
564.7	291.9	282.5	286.5	283.9	280.5	276.5	278.5	283.9	284.5	277.2	279.9	274.5
565.5	290.7	294.7	301.3	292.7	288.7	284.0	289.3	290.0	293.3	288.7	286.7	284.0
566.3	306.8	306.8	306.8	294.8	290.1	298.8	297.5	289.5	305.5	299.5	294.1	294.1
567.0	318.3	310.9	312.3	306.3	296.9	310.3	303.6	308.3	307.6	304.3	304.3	300.9
567.8	335.3	318.7	317.3	310.0	309.3	321.3	316.0	320.0	314.7	307.3	308.7	308.7
568.6	331.5	319.5	320.1	321.5	317.5	312.8	315.5	326.1	307.5	308.8	317.5	309.5
569.4	339.7	329.1	326.4	315.7	323.7	312.4	312.4	314.4	310.4	323.1	317.7	315.1
570.1	342.7	326.7	326.0	331.3	329.3	314.0	318.0	316.7	324.0	323.3	323.3	320.7
570.9	355.3	338.7	329.3	340.7	341.3	328.7	329.3	330.0	333.3	330.7	327.3	336.0
571.7	354.4	344.4	336.4	357.1	343.7	339.1	348.4	341.7	349.7	332.4	335.1	341.1
572.5	364.4	359.7	350.4	352.4	352.4	345.7	357.1	348.4	350.4	353.7	343.1	349.1
573.2	364.4	369.7	357.1	361.1	357.1	349.1	363.1	357.1	359.7	357.7	351.7	351.1
574.0	383.6	382.9	364.9	369.6	364.3	364.9	364.9	371.6	362.9	369.6	360.3	366.3
574.8	392.8	394.8	383.5	385.5	377.5	380.1	372.1	382.8	371.5	369.5	373.5	368.1
575.6	414.3	407.6	396.3	392.9	389.6	398.9	382.3	392.9	382.3	379.6	376.9	380.9
576.3	418.7	421.3	406.7	401.3	398.0	411.3	390.0	404.7	397.3	389.3	394.7	386.0
577.1	431.1	427.1	409.1	413.7	405.1	421.7	399.7	412.4	407.7	393.1	408.4	401.7
577.9	446.8	428.8	422.8	429.5	412.1	428.8	407.5	420.8	414.1	398.1	432.8	402.1
578.7	459.6	436.3	437.6	431.6	426.9	429.6	420.9	426.9	415.6	404.3	435.6	414.3
579.4	482.0	447.3	447.3	445.3	438.0	436.7	436.7	438.0	428.0	418.0	437.3	426.7
580.2	490.0	466.0	458.7	450.7	449.3	454.7	446.0	446.7	445.3	438.7	438.0	448.7
581.0	510.4	479.7	465.7	472.4	453.7	457.1	463.7	455.7	463.1	453.7	451.7	461.1
581.8	533.3	498.0	480.0	475.3	460.0	462.0	472.0	466.0	466.7	472.7	466.7	468.0
582.5	546.1	510.8	497.5	484.1	469.5	460.8	488.1	479.5	474.8	478.8	479.5	477.5
583.3	557.9	524.5	512.5	496.5	488.5	479.9	499.9	494.5	481.2	481.2	498.5	483.9
584.1	565.2	542.5	523.9	516.5	504.5	501.9	509.9	507.9	500.5	493.9	506.5	494.5
584.9	589.2	549.9	525.2	533.2	527.9	519.9	521.9	519.2	512.5	513.2	515.9	502.5
585.6	613.9	571.2	540.5	541.9	545.9	533.2	525.2	525.9	536.5	536.5	521.2	521.2
586.4	623.7	584.4	561.1	553.1	557.7	547.7	539.1	533.7	549.7	547.7	534.4	535.1
587.2	646.9	608.3	589.6	572.9	567.6	562.3	558.9	546.3	565.6	554.3	543.6	550.3
588.0	668.9	628.3	612.9	593.6	584.9	578.3	573.6	564.9	571.6	561.6	558.9	560.9
588.7	701.1	647.7	626.4	609.7	601.1	583.7	589.7	589.1	582.4	575.1	571.7	577.7
589.5	727.2	672.5	647.2	625.9	619.2	605.9	601.9	604.5	590.5	589.2	592.5	585.9
590.3	756.7	692.0	663.3	650.0	636.7	617.3	631.3	622.0	612.0	612.7	599.3	602.7
591.1	802.5	721.9	687.2	675.2	659.9	643.9	652.5	631.2	633.9	628.5	621.2	613.2
591.8	834.0	740.0	706.7	690.7	670.0	662.0	670.0	654.7	659.3	657.3	640.7	640.7
592.6	881.7	770.4	737.1	709.7	680.4	695.1	671.1	667.7	680.4	669.7	667.7	651.1
593.4	919.6	798.9	760.3	728.3	696.3	714.3	692.3	699.6	693.6	688.9	687.6	665.6
594.1	964.4	831.7	784.4	762.4	727.7	735.7	714.4	715.7	713.7	707.7	709.7	697.7
594.9	995.7	865.7	813.1	786.4	762.4	758.4	750.4	737.1	725.7	735.1	735.7	731.1
595.7	1039.7	909.7	843.7	819.7	795.7	799.7	781.7	759.7	753.7	756.4	754.4	760.4
596.5	1097.3	950.0	891.3	848.7	833.3	819.3	804.7	786.7	784.7	777.3	773.3	774.0
597.2	1153.1	991.1	931.1	893.7	865.7	843.7	844.4	823.1	809.7	801.1	787.7	788.4
598.0	1207.5	1032.1	976.8	931.5	906.1	866.8	868.1	848.1	844.1	842.1	815.5	827.5
598.8	1272.1	1084.8	1017.5	964.1	940.8	913.5	912.1	876.1	866.1	877.5	838.8	848.1
599.6	1338.7	1134.7	1058.0	1001.3	979.3	952.7	945.3	914.0	908.0	920.0	880.0	898.0
600.3	1412.7	1178.7	1110.7	1036.7	1016.0	992.7	977.3	948.0	933.3	952.7	905.3	926.0
601.1	1466.5	1235.2	1155.9	1088.5	1043.9	1027.2	1011.9	993.9	969.9	981.9	953.9	964.5
601.9	1541.2	1298.5	1206.5	1132.5	1085.2	1069.2	1048.5	1028.5	1003.2	1009.2	987.9	994.5
602.6	1620.8	1369.5	1250.8	1170.1	1130.8	1124.1	1086.8	1059.5	1051.5	1044.8	1036.8	1028.8
603.4	1730.5	1424.5	1301.9	1214.5	1195.2	1165.9	1116.5	1097.2	1095.9	1087.9	1068.5	1072.5
604.2	1818.7	1482.7	1350.7	1264.0	1247.3	1212.0	1158.0	1127.3	1133.3	1126.7	1110.0	1102.0
605.0	1888.8	1524.1	1418.8	1335.5	1292.1	1250.1	1200.8	1166.8	1164.1	1162.1	1137.5	1138.1
605.7	1956.0	1582.7	1466.7	1385.3	1328.7	1292.0	1252.0	1202.7	1191.3	1200.7	1170.7	1158.7
606.5	2024.9	1628.3	1514.3	1423.6	1342.9	1326.3	1282.3	1256.3	1222.3	1224.9	1200.9	1193.6
607.3	2094.1	1696.1	1532.8	1450.1	1376.1	1342.8	1314.1	1297.5	1258.1	1262.1	1225.5	1219.5
608.1	2118.9	1739.6	1566.3	1492.9	1401.6	1365.6	1329.6	1330.9	1299.6	1274.3	1239.6	1251.6
608.8	2158.4	1769.1	1605.1	1510.4	1457.1	1377.1	1343.7	1348.4	1328.4	1305.1	1249.1	1271.1
609.6	2185.3	1791.3	1630.7	1520.0	1464.0	1404.7	1370.7	1354.7	1336.0	1308.0	1280.0	1299.3
610.4	2218.8	1806.8	1625.5	1505.5	1474.8	1420.1	1384.8	1345.5	1337.5	1310.1	1288.8	1298.1
611.1	2222.7	1810.7	1612.0	1514.0	1460.7	1430.7	1393.3	1336.7	1340.7	1311.3	1305.3	1296.7
611.9	2206.5	1795.2	1596.5	1521.2	1456.5	1425.2	1371.9	1323.9	1340.5	1295.9	1295.2	1272.5
612.7	2194.0	1766.7	1590.7	1507.3	1433.3	1402.0	1358.7	1323.3	1322.7	1300.7	1295.3	1268.0
613.5	2173.7	1738.4	1562.4	1490.4	1405.1	1387.7	1339.1	1307.1	1299.7	1272.4	1279.7	1245.7
614.2	2163.1	1709.1	1557.7	1461.7	1387.1	1362.4	1327.7	1303.7	1273.1	1261.1	1263.7	1228.4
615.0	2111.2	1689.2	1529.2	1439.9	1373.9	1339.2	1294.5	1278.5	1257.9	1233.9	1231.9	1200.5
615.8	2050.1	1667.5	1514.1	1399.5	1350.8	1305.5	1262.1	1255.5	1246.1	1217.5	1192.1	1182.1
616.5	1972.5	1622.5	1469.2	1358.5	1315.2	1261.2	1220.5	1217.2	1213.2	1189.2	1157.2	1151.9
617.3	1927.1	1568.4	1431.1	1320.4	1285.1	1235.1	1207.7	1173.7	1169.7	1143.7	1140.4	1117.7
618.1	1879.5	1513.5	1386.8	1287.5	1250.8	1191.5	1168.1	1138.1	1129.5	1106.8	1108.1	1078.8
618.8	1824.9	1464.9	1331.6	1241.6	1208.9	1152.9	1147.6	1102.3	1109.6	1086.9	1076.3	1044.9
619.6	1757.3	1412.0	1288.7	1196.7	1164.7	1116.7	1106.7	1080.0	1074.0	1052.0	1032.0	1012.7
620.4	1690.9	1367.6	1241.6	1150.3	1133.6	1078.9	1079.6	1041.6	1030.3	1024.9	996.3	982.3
621.2	1631.9	1317.2	1196.5	1113.9	1099.9	1043.2	1038.5	1011.2	977.9	981.2	961.2	957.9
621.9	1561.5	1272.1	1148.8	1074.8	1058.1	998.8	999.5	974.1	948.8	962.8	930.1	934.8
622.7	1506.3	1217.6	1100.9	1046.9	1009.6	966.9	965.6	939.6	913.6	918.3	906.9	903.6
623.5	1454.4	1181.1	1066.4	1021.7	973.1	934.4	934.4	916.4	890.4	881.1	875.1	862.4
624.2	1413.2	1140.5	1043.2	994.5	938.5	897.9	907.9	884.5	852.5	846.5	855.2	830.5
625.0	1368.3	1108.3	1003.6	959.6	913.6	861.6	877.6	855.6	841.6	832.9	822.3	808.9
625.8	1307.6	1055.6	971.6	921.6	885.6	840.9	839.6	818.3	818.9	816.3	804.9	782.9
626.5	1265.3	1024.0	915.3	893.3	862.0	823.3	812.0	787.3	810.0	788.0	769.3	762.7
627.3	1211.9	989.9	891.2	863.2	844.5	809.9	789.2	769.2	765.2	758.5	750.5	734.5
628.1	1179.5	962.8	868.8	834.8	830.1	791.5	776.1	744.8	738.8	727.5	718.1	728.1
628.9	1129.6	926.9	845.6	800.9	788.3	760.9	742.3	724.3	709.6	712.9	704.3	700.3
629.6	1092.0	886.0	811.3	769.3	744.7	732.7	710.0	688.0	701.3	689.3	683.3	679.3
630.4	1052.1	858.1	783.5	745.5	716.1	698.8	682.8	662.1	674.8	676.8	662.8	650.8
631.2	1021.2	829.2	775.9	720.5	709.9	685.2	669.9	656.5	655.9	655.2	641.9	629.2
631.9	990.0	811.3	762.7	703.3	694.7	672.0	654.7	649.3	630.0	640.7	625.3	612.7
632.7	959.6	783.6	732.9	688.9	670.3	655.6	633.6	640.3	617.6	614.3	612.3	594.9
633.5	917.9	752.5	693.9	675.2	645.9	637.2	618.5	614.5	590.5	593.9	587.2	593.2
634.2	869.6	712.3	668.3	655.6	628.3	618.3	600.9	597.6	572.9	585.6	564.3	574.3
635.0	835.3	688.0	646.7	634.7	603.3	601.3	586.0	576.7	561.3	575.3	544.0	564.0
635.8	811.2	680.5	633.2	623.9	595.9	587.2	561.2	570.5	564.5	563.9	537.2	547.2
636.5	793.7	677.7	611.7	602.4	576.4	571.1	553.7	552.4	549.1	541.1	525.1	535.1
637.3	768.7	654.0	594.0	578.7	562.0	558.0	540.7	536.7	532.0	520.0	526.7	524.7
638.1	740.8	624.1	580.8	555.5	535.5	541.5	528.8	512.1	509.5	512.8	519.5	508.1
638.9	713.1	601.1	561.7	541.7	533.7	532.4	509.1	503.7	507.7	509.7	513.7	495.7
639.6	686.5	586.5	545.9	534.5	529.9	512.5	496.5	496.5	495.2	507.9	495.2	479.2
640.4	673.5	580.1	536.1	518.1	523.5	506.8	488.1	493.5	486.1	498.8	484.1	478.1
641.2	653.2	566.5	528.5	508.5	497.9	493.9	477.9	485.2	470.5	477.9	471.2	475.9
641.9	631.3	554.0	515.3	496.7	481.3	492.0	464.7	480.0	465.3	463.3	456.0	470.7
642.7	604.0	543.3	502.7	492.0	474.0	472.7	459.3	462.0	456.7	447.3	443.3	452.0
643.5	586.8	529.5	496.1	481.5	475.5	454.8	451.5	447.5	451.5	436.8	438.8	440.1
644.2	574.0	520.7	491.3	471.3	468.0	446.7	451.3	447.3	440.0	432.7	432.7	432.7
645.0	560.0	499.3	481.3	466.7	452.0	441.3	432.0	439.3	433.3	433.3	424.0	430.7
645.8	555.5	492.8	478.1	458.1	442.8	440.8	432.1	440.1	427.5	436.8	417.5	426.8
646.5	540.8	482.8	474.8	450.8	436.8	436.1	419.5	426.8	426.8	428.8	416.8	425.5
647.3	526.4	476.4	463.7	436.4	435.7	431.1	423.1	422.4	420.4	421.1	417.1	422.4
648.1	509.2	465.9	451.2	436.5	426.5	423.9	411.2	413.2	412.5	407.2	413.2	413.2
648.8	495.3	460.7	442.0	432.7	423.3	421.3	405.3	410.0	405.3	410.0	415.3	403.3
649.6	491.9	453.9	436.5	425.9	419.2	413.2	399.9	403.9	398.5	401.2	413.2	398.5
650.4	485.1	431.7	421.1	417.7	417.7	409.7	393.1	397.1	395.7	401.1	408.4	399.1
651.1	482.0	420.0	414.0	415.3	412.0	398.0	402.0	392.7	394.7	401.3	400.0	394.7
651.9	477.2	417.2	417.9	419.9	411.2	401.9	403.9	393.9	401.2	399.2	399.9	399.9
652.7	465.9	425.9	419.9	413.9	412.5	401.9	407.2	391.9	405.9	397.2	397.9	390.5
653.4	459.3	428.0	411.3	416.0	417.3	411.3	398.7	388.0	402.0	390.0	401.3	398.0
654.2	454.4	426.4	403.1	408.4	417.7	418.4	403.1	391.7	398.4	394.4	393.7	389.1
655.0	442.4	423.1	404.4	407.7	413.1	423.1	405.1	403.7	389.1	400.4	391.7	393.1
655.7	438.1	413.5	404.8	398.1	410.8	417.5	402.8	409.5	389.5	389.5	389.5	390.8
656.5	434.4	411.1	405.7	402.4	406.4	412.4	393.1	413.1	389.1	386.4	393.1	389.7
657.3	442.0	410.0	397.3	408.0	405.3	406.0	393.3	407.3	394.0	382.7	392.0	392.7
658.0	437.2	415.2	397.2	407.2	401.9	402.5	402.5	404.5	398.5	394.5	387.2	385.9
658.8	429.1	409.7	388.4	406.4	403.1	395.1	403.7	399.1	399.1	399.1	382.4	385.1
659.6	419.1	409.1	398.4	403.1	406.4	390.4	407.1	392.4	400.4	403.1	388.4	382.4
660.3	420.8	410.8	394.1	398.8	406.8	394.8	404.8	388.8	394.1	402.1	389.5	392.1
661.1	423.6	416.3	403.6	402.9	396.9	399.6	404.3	386.3	385.6	394.9	392.9	396.3
661.9	433.9	415.2	405.2	409.2	395.2	406.5	398.5	393.2	381.9	394.5	393.2	401.2
662.6	431.6	416.3	418.3	412.3	394.9	401.6	404.3	394.3	388.9	390.9	388.9	399.6
663.4	428.3	410.9	416.3	408.3	406.9	402.9	405.6	399.6	396.3	398.9	388.9	404.9
664.2	417.1	413.1	414.4	397.7	413.1	398.4	399.1	394.4	404.4	395.7	388.4	397.7
664.9	418.5	408.5	405.9	401.9	417.9	405.2	390.5	394.5	400.5	396.5	385.9	396.5
665.7	422.3	412.9	412.3	402.9	420.9	402.3	389.6	394.3	402.3	393.6	384.3	398.3
666.5	422.5	410.5	409.9	408.5	416.5	403.2	404.5	403.2	394.5	393.2	386.5	404.5
667.2	429.5	413.5	412.8	404.8	414.1	393.5	404.8	404.8	395.5	396.1	394.1	406.8
668.0	433.1	414.4	407.7	409.7	407.1	399.1	407.7	403.7	395.7	401.7	394.4	395.7
668.8	432.9	418.9	407.6	404.9	405.6	399.6	398.9	400.9	403.6	404.9	390.3	400.9
669.5	424.0	414.0	400.7	409.3	401.3	404.0	398.0	402.7	404.7	403.3	385.3	398.0
670.3	419.5	418.8	401.5	403.5	402.8	408.8	395.5	402.1	400.8	401.5	390.8	402.1
671.1	422.1	419.5	407.5	402.1	408.8	410.8	405.5	404.8	399.5	401.5	400.1	400.1
671.8	428.3	427.6	418.3	403.6	412.3	410.9	412.3	415.6	404.3	408.9	420.3	399.6
672.6	427.7	422.4	427.1	409.7	419.1	411.1	416.4	421.7	413.7	413.1	423.7	406.4
673.4	432.3	426.9	428.9	419.6	413.6	411.6	417.6	430.9	415.6	417.6	427.6	410.3
674.1	428.5	430.5	425.2	425.2	417.9	419.9	415.9	425.2	417.2	418.5	419.9	417.9
674.9	429.3	429.3	422.7	422.0	416.0	420.0	420.0	426.0	417.3	423.3	417.3	419.3
675.6	432.4	427.7	419.1	417.1	425.1	422.4	420.4	423.7	417.7	419.1	415.1	417.7
676.4	436.8	424.1	427.5	414.8	422.8	426.1	420.8	430.1	420.8	414.8	423.5	416.1
677.2	438.4	430.4	434.4	413.7	421.1	419.1	425.1	431.7	418.4	416.4	428.4	415.7
677.9	435.2	433.9	431.9	424.5	421.2	415.2	427.2	423.2	421.2	423.2	416.5	418.5
678.7	425.5	440.1	436.8	425.5	427.5	409.5	427.5	417.5	418.8	429.5	413.5	416.8
679.5	423.9	441.9	431.2	434.5	439.2	412.5	419.9	415.2	421.9	433.2	412.5	413.9
680.2	430.9	443.6	439.6	429.6	440.3	421.6	419.6	430.3	433.6	442.3	426.9	422.3
681.0	439.9	446.5	435.2	435.2	439.2	423.2	417.9	439.9	430.5	447.9	421.9	427.9
681.8	446.9	445.6	434.9	428.9	436.3	422.3	426.9	445.6	434.9	438.9	428.9	437.6
682.5	445.9	441.2	431.9	432.5	437.9	426.5	426.5	440.5	433.2	431.9	425.9	432.5
683.3	449.9	435.9	426.5	426.5	439.9	429.9	433.9	435.9	444.5	431.9	437.2	429.9
684.1	442.0	432.0	424.0	434.0	432.0	436.7	439.3	428.7	447.3	436.0	435.3	429.3
684.8	445.2	437.2	428.5	442.5	439.9	437.2	441.2	430.5	439.9	434.5	439.2	430.5
685.6	439.2	436.5	439.2	456.5	443.9	437.9	446.5	435.2	437.2	432.5	445.9	441.9
686.3	446.0	446.7	446.0	462.0	450.7	431.3	440.0	441.3	437.3	430.0	446.0	444.0
687.1	435.7	447.1	443.7	449.7	444.4	433.1	439.1	438.4	443.1	432.4	449.7	445.1
687.9	440.1	446.8	442.8	435.5	443.5	440.1	431.5	434.8	442.1	429.5	436.1	437.5
688.6	445.7	441.1	443.1	431.7	445.7	445.7	433.7	435.1	444.4	430.4	441.1	433.7
689.4	456.8	447.5	441.5	442.8	444.8	447.5	440.8	434.1	444.1	440.8	444.1	438.1
690.2	460.1	456.8	438.8	445.5	442.1	446.1	447.5	436.8	442.1	448.8	446.1	436.8
690.9	458.0	456.7	442.7	448.7	445.3	442.7	450.7	438.0	440.7	450.7	439.3	443.3
691.7	456.7	444.0	450.0	437.3	447.3	440.7	442.7	436.0	440.7	451.3	431.3	440.7
692.5	456.3	436.9	451.6	454.3	446.3	434.9	446.9	438.9	448.3	440.9	437.6	447.6
693.2	462.8	440.1	448.1	449.5	441.5	440.1	447.5	442.1	446.8	440.1	440.8	441.5
694.0	456.5	445.9	446.5	454.5	438.5	433.2	443.2	445.9	445.9	433.9	443.2	431.9
694.7	458.4	449.1	446.4	438.4	440.4	443.7	438.4	443.1	443.7	439.7	442.4	432.4
695.5	453.9	450.5	444.5	443.2	447.9	439.9	434.5	442.5	440.5	441.9	442.5	438.5
696.3	458.5	447.2	441.9	437.9	445.9	453.2	445.9	449.2	440.5	439.9	445.9	451.2
697.0	450.3	454.9	446.3	440.3	446.3	452.3	441.6	453.6	434.3	436.3	450.3	450.9
697.8	442.8	456.8	446.1	432.8	435.5	455.5	442.8	455.5	439.5	438.8	454.8	442.8
698.6	450.4	467.1	445.1	445.7	443.7	447.1	437.7	448.4	443.7	436.4	444.4	443.1
699.3	456.1	456.1	446.8	447.5	442.8	452.8	451.5	448.8	446.1	436.8	437.5	442.8
700.1	462.9	458.3	446.9	454.3	450.3	451.6	460.3	452.3	451.6	433.6	435.6	446.9
700.8	463.3	454.0	452.0	442.7	447.3	452.0	460.0	454.7	450.7	437.3	445.3	444.7
701.6	468.8	454.1	444.1	446.1	452.1	440.1	449.5	456.8	452.8	442.1	445.5	434.8
702.4	462.9	446.9	450.3	441.6	456.3	452.3	446.3	448.3	443.6	447.6	448.9	439.6
703.1	464.7	440.7	449.3	443.3	460.7	456.0	453.3	450.0	444.7	450.0	446.0	439.3
703.9	463.6	440.9	451.6	444.3	454.3	454.9	451.6	441.6	444.9	448.3	444.9	448.3
704.6	473.5	446.1	452.1	447.5	450.1	442.1	454.1	444.8	449.5	442.1	446.8	438.1
705.4	466.9	449.6	444.3	454.3	440.9	438.3	448.9	446.3	447.6	434.9	442.3	441.6
706.2	468.0	452.7	444.0	448.7	438.7	435.3	453.3	448.7	448.7	439.3	440.7	438.7
706.9	466.9	452.3	440.9	445.6	432.3	435.6	448.3	452.3	445.6	447.6	432.3	445.6
707.7	473.9	450.5	449.9	447.2	442.5	433.9	446.5	445.9	441.9	448.5	438.5	433.9
708.5	469.1	447.7	448.4	441.7	446.4	439.1	445.1	445.1	445.1	449.1	431.1	433.7
709.2	460.8	446.1	443.5	440.8	448.8	438.1	442.8	438.8	446.1	444.1	422.1	432.8
710.0	446.8	450.8	436.8	442.8	442.8	439.5	445.5	439.5	441.5	446.8	418.1	440.8
710.7	443.7	450.4	435.7	449.7	446.4	445.1	447.1	444.4	443.1	442.4	427.1	440.4
711.5	448.0	446.0	432.0	446.7	441.3	440.7	448.0	446.7	440.7	445.3	432.7	435.3
712.3	447.2	443.2	438.5	440.5	437.2	437.9	440.5	449.2	438.5	444.5	423.9	426.5
713.0	443.2	439.9	433.2	437.2	428.5	431.2	433.2	427.9	423.2	441.2	423.2	421.2
713.8	433.6	440.9	436.9	440.9	425.6	432.9	423.6	424.9	416.9	428.9	416.9	418.9
714.5	437.6	443.6	441.6	445.6	430.3	438.9	424.9	424.9	423.6	428.9	422.9	420.9
715.3	448.1	448.1	449.5	447.5	438.8	436.8	430.8	442.1	420.8	430.1	420.8	430.1
716.1	446.3	439.6	448.3	442.3	442.3	436.3	433.6	436.9	418.9	428.3	426.9	428.3
716.8	441.2	439.9	435.9	431.9	436.5	428.5	431.9	429.2	413.9	413.9	432.5	425.9
717.6	435.1	435.1	433.1	428.4	429.7	423.1	429.1	417.7	427.1	413.7	426.4	419.7
718.3	433.6	435.6	432.3	428.3	424.3	422.9	427.6	415.6	433.6	418.3	424.9	417.6
719.1	440.1	426.8	433.5	432.1	430.8	415.5	423.5	417.5	428.1	424.8	413.5	423.5
719.9	434.4	424.4	427.1	433.1	431.7	419.1	415.1	418.4	417.7	412.4	421.1	417.7
720.6	433.2	433.9	423.2	441.2	432.5	423.2	409.9	417.2	417.2	410.5	421.2	415.9
721.4	422.5	430.5	412.5	432.5	417.2	430.5	405.9	417.2	415.9	402.5	421.9	411.2
722.1	423.9	436.5	422.5	433.9	413.9	431.9	398.5	419.2	421.9	417.2	410.5	411.2
722.9	436.7	430.7	423.3	424.0	406.7	430.0	394.7	430.7	417.3	412.0	404.0	414.0
723.7	436.9	425.6	427.6	420.9	404.3	426.9	388.9	416.9	412.3	418.3	400.3	412.3
724.4	436.5	417.2	417.2	421.2	399.2	421.2	401.2	417.9	405.9	409.9	411.2	413.9
725.2	420.9	416.9	418.9	428.9	407.6	414.9	399.6	406.3	397.6	408.9	409.6	410.9
725.9	421.9	421.9	410.5	428.5	411.9	411.2	408.5	411.9	399.2	408.5	411.2	407.2
726.7	421.7	424.4	408.4	416.4	418.4	409.1	393.7	404.4	390.4	399.1	395.7	403.7
727.5	419.3	415.3	400.7	396.0	412.0	404.0	392.0	400.0	389.3	400.0	386.0	398.0
728.2	425.1	409.7	400.4	391.1	412.4	401.7	385.1	393.7	383.1	391.1	386.4	394.4
729.0	416.1	397.5	394.1	389.5	400.8	397.5	390.8	379.5	379.5	397.5	382.8	384.8
729.7	418.1	391.5	384.1	392.1	394.1	400.1	398.1	376.1	380.8	388.1	383.5	382.8
730.5	405.7	391.7	391.7	392.4	390.4	400.4	402.4	379.7	389.1	387.7	378.4	390.4
731.3	404.9	398.3	393.6	390.9	391.6	398.3	394.9	386.9	391.6	378.3	380.9	393.6
732.0	403.6	400.3	401.6	384.9	389.6	386.9	389.6	384.9	386.3	374.3	382.9	391.6
732.8	403.2	397.2	396.5	384.5	381.9	377.9	383.9	382.5	379.2	367.2	385.2	381.9
733.5	396.5	389.2	397.9	377.2	379.9	373.9	384.5	379.9	374.5	367.2	381.9	371.2
734.3	396.0	382.7	387.3	371.3	382.0	379.3	382.7	374.0	376.7	369.3	381.3	365.3
735.0	389.5	380.1	379.5	364.8	382.1	387.5	382.8	378.1	376.8	370.8	372.1	358.1
735.8	388.4	379.7	372.4	370.4	375.1	381.1	371.7	369.7	373.7	367.7	369.1	359.7
736.6	385.3	383.3	367.3	378.7	370.0	378.7	364.7	372.0	361.3	368.7	358.7	361.3
737.3	383.9	377.9	355.2	376.5	364.5	365.2	360.5	363.2	345.2	363.2	353.2	352.5
738.1	379.2	379.9	350.5	371.2	356.5	361.2	363.9	369.9	345.9	359.9	348.5	351.9
738.8	372.7	370.0	349.3	368.0	354.0	360.7	358.7	356.7	345.3	351.3	346.7	349.3
739.6	367.6	367.6	354.3	370.9	350.9	365.6	356.3	356.3	348.9	353.6	344.3	354.9
740.4	364.8	356.1	350.8	364.1	349.5	368.1	354.8	354.8	344.1	347.5	346.1	355.5
741.1	359.7	357.7	349.7	351.1	341.1	357.7	355.1	364.4	341.7	348.4	341.7	343.7
741.9	360.9	352.9	342.3	348.3	342.3	350.9	350.9	351.6	345.6	340.9	341.6	340.3
742.6	358.4	350.4	331.1	346.4	341.7	341.1	342.4	338.4	340.4	335.1	336.4	333.7
743.4	357.5	345.5	330.1	348.8	340.1	333.5	334.8	336.1	345.5	328.1	332.1	336.8
744.1	346.4	340.4	334.4	339.1	334.4	325.7	331.7	337.7	335.7	327.7	327.1	327.1
744.9	343.9	335.2	345.2	330.5	325.9	323.9	332.5	333.9	337.9	323.2	328.5	321.2
745.7	336.3	331.6	344.3	322.9	330.3	320.9	327.6	324.3	324.3	317.6	333.6	311.6
746.4	335.6	328.9	334.3	318.9	326.3	318.3	318.9	318.3	318.9	310.3	326.3	313.6
747.2	327.9	331.2	313.9	320.5	327.9	317.2	315.9	318.5	301.9	305.2	313.9	305.2
747.9	322.3	330.3	306.3	315.6	314.9	315.6	315.6	315.6	298.9	307.6	308.3	305.6
748.7	316.9	330.9	310.3	314.9	310.3	316.9	308.9	313.6	292.3	308.3	308.9	303.6
749.4	317.6	322.3	314.9	302.9	303.6	308.9	308.3	308.3	297.6	309.6	310.9	306.3
750.2	313.2	316.5	315.9	305.9	299.2	309.2	303.2	309.9	301.2	308.5	309.2	311.9
751.0	313.2	310.5	306.5	300.5	293.9	301.9	305.2	303.2	311.9	303.2	309.9	303.2
751.7	309.1	309.7	299.7	307.1	295.1	307.1	299.7	301.1	308.4	303.1	303.1	295.1
752.5	308.1	297.5	288.1	302.8	302.1	294.8	290.1	291.5	293.5	290.8	294.8	280.8
753.2	300.0	291.3	291.3	300.7	296.7	288.7	283.3	296.7	284.7	289.3	287.3	276.0
754.0	296.4	278.4	287.7	291.7	289.1	275.7	275.7	286.4	283.1	283.7	291.7	266.4
754.7	290.3	280.9	291.6	290.9	274.3	276.9	280.9	290.9	285.6	288.9	295.6	262.9
755.5	287.7	282.4	279.1	286.4	269.7	272.4	278.4	283.1	284.4	283.1	297.1	263.7
756.3	284.8	282.8	277.5	286.8	265.5	273.5	278.1	291.5	279.5	278.1	282.1	270.8
757.0	281.9	279.2	263.9	277.2	265.2	271.2	277.9	287.9	282.5	269.2	273.2	273.9
757.8	277.5	275.5	268.1	273.5	266.1	270.1	274.8	286.1	270.8	272.8	271.5	278.8
758.5	276.5	281.9	265.9	273.9	271.2	271.2	275.9	284.5	269.9	272.5	275.2	271.9
759.3	276.8	285.5	272.1	273.5	270.8	270.1	270.8	277.5	264.8	268.8	274.8	276.8
760.0	280.8	280.1	266.8	279.5	270.1	269.5	262.8	274.1	267.5	265.5	268.8	266.1
760.8	269.5	271.5	260.8	274.8	264.1	264.1	258.1	264.8	264.1	262.1	266.1	274.1
761.5	266.4	261.7	254.4	273.1	258.4	258.4	251.1	258.4	259.7	263.7	258.4	262.4
762.3	260.5	258.5	251.9	255.2	253.2	252.5	251.9	256.5	259.2	258.5	248.5	257.2
763.1	260.0	249.3	253.3	250.0	246.0	248.0	246.0	254.0	256.7	257.3	247.3	246.7
763.8	254.8	241.5	250.1	244.1	246.8	246.1	244.8	256.1	252.1	255.5	250.8	244.8
764.6	251.2	244.5	245.9	248.5	239.2	243.9	245.2	249.2	248.5	249.2	249.2	244.5
765.3	251.9	245.2	246.5	247.2	241.9	248.5	238.5	245.9	240.5	249.2	245.2	244.5
766.1	251.6	251.6	243.6	244.9	238.9	247.6	234.3	241.6	238.9	252.3	236.9	238.9
766.8	252.8	238.1	244.8	242.1	243.5	243.5	228.8	239.5	230.8	247.5	233.5	232.1
767.6	242.7	237.3	236.0	235.3	241.3	230.0	234.0	235.3	230.0	241.3	233.3	229.3
768.3	233.7	234.4	230.4	229.7	235.1	225.1	235.1	224.4	231.1	229.7	233.7	227.1
769.1	230.1	240.8	222.1	226.1	230.1	222.8	240.1	218.1	226.1	229.5	232.1	224.1
769.8	232.0	234.7	227.3	226.0	225.3	219.3	234.0	218.0	228.7	228.0	229.3	222.0
770.6	233.5	229.5	228.1	228.1	228.8	216.1	226.8	226.8	224.1	226.1	226.1	224.1
771.4	227.5	223.5	229.5	221.5	226.8	219.5	216.1	232.8	228.1	225.5	228.8	226.8
772.1	224.0	224.0	217.3	218.7	222.0	219.3	217.3	231.3	222.7	220.0	223.3	226.0
772.9	220.3	221.6	206.3	214.3	214.9	217.6	212.9	222.3	221.6	214.3	216.3	220.9
773.6	212.3	214.9	198.9	212.9	205.6	210.3	219.6	212.3	220.9	212.9	213.6	220.9
774.4	208.3	209.6	196.3	210.3	201.6	206.3	210.3	210.3	222.3	214.9	206.9	212.9
775.1	202.7	201.3	193.3	201.3	198.7	204.0	210.0	204.0	216.7	216.7	214.7	206.7
775.9	205.7	203.1	191.1	197.7	201.7	201.7	199.7	197.1	205.1	207.1	202.4	193.1
776.6	204.9	200.3	187.6	192.3	203.6	207.6	194.9	188.9	200.3	201.6	198.3	201.6
777.4	205.1	204.4	194.4	197.1	199.1	204.4	195.1	191.7	196.4	198.4	187.7	201.7
778.1	199.2	197.9	193.9	193.2	193.2	204.5	191.9	193.2	195.2	199.2	195.9	208.5
778.9	194.3	192.3	194.9	189.6	186.9	194.9	194.9	193.6	188.3	196.3	199.6	195.6
779.7	186.9	189.6	190.9	181.6	184.3	190.3	192.9	191.6	190.3	192.3	201.6	196.3
780.4	182.1	184.8	189.5	182.8	181.5	184.8	188.1	194.1	192.1	188.1	200.1	192.1
781.2	180.4	187.1	184.4	180.4	179.1	185.1	185.7	191.7	191.7	191.1	191.7	191.7
781.9	183.5	179.5	184.1	180.1	178.1	178.8	182.8	189.5	188.8	188.1	186.8	182.1
782.7	184.9	179.6	179.6	176.3	175.6	175.6	183.6	185.6	184.3	188.9	180.3	176.3
783.4	183.1	173.1	181.7	175.1	171.1	168.4	183.1	184.4	178.4	178.4	184.4	175.1
784.2	184.0	170.0	177.3	169.3	176.7	174.0	178.7	186.0	172.0	172.7	180.7	174.0
784.9	178.4	167.1	175.7	166.4	167.7	172.4	176.4	185.7	170.4	171.1	175.1	173.7
785.7	174.0	166.0	170.0	166.0	164.7	174.0	174.0	182.0	168.0	172.7	170.7	169.3
786.4	169.3	169.3	172.0	167.3	154.0	172.0	171.3	172.0	165.3	174.7	170.0	169.3
787.2	166.7	165.3	173.3	167.3	162.0	168.0	168.0	162.7	161.3	164.7	169.3	168.0
787.9	166.7	164.0	168.0	161.3	160.0	163.3	160.0	163.3	164.7	163.3	165.3	166.7
788.7	162.7	158.0	160.7	157.3	162.7	160.0	153.3	155.3	168.0	162.7	162.7	162.0
789.4	163.9	157.2	149.2	153.9	159.2	159.2	155.2	159.2	167.9	162.5	159.2	163.9
790.2	164.4	153.7	149.1	150.4	161.1	163.1	155.7	154.4	165.7	151.7	160.4	165.7
790.9	166.9	154.3	148.3	150.3	158.9	162.9	157.6	159.6	162.3	146.9	154.9	166.9
791.7	164.0	151.3	148.7	147.3	155.3	163.3	152.7	150.7	158.7	149.3	158.0	158.0
792.5	158.3	147.6	148.3	146.9	147.6	154.3	148.3	144.9	154.3	157.6	148.9	150.9
793.2	148.1	144.1	144.8	142.1	136.8	148.1	148.1	139.5	149.5	160.1	150.8	148.1
794.0	144.7	139.3	150.7	137.3	140.0	140.7	147.3	142.0	150.7	161.3	151.3	144.7
794.7	141.3	138.0	150.0	138.7	147.3	146.0	147.3	141.3	152.7	155.3	154.0	140.7
795.5	146.3	139.6	149.6	140.9	152.3	149.6	147.6	142.9	146.9	150.9	153.6	136.3
796.2	147.2	139.9	142.5	144.5	151.9	151.2	144.5	136.5	143.9	142.5	150.5	139.9
797.0	142.0	137.3	140.7	139.3	143.3	142.0	142.0	132.0	138.7	138.0	150.0	143.3
797.7	133.5	131.5	137.5	138.1	140.1	134.8	138.8	130.8	140.1	128.8	147.5	144.1
798.5	128.1	132.1	133.5	132.1	134.8	131.5	136.8	140.1	140.8	130.8	142.1	138.8
799.2	131.5	131.5	127.5	128.1	131.5	130.8	131.5	145.5	138.1	130.1	140.1	132.1
800.0	136.8	128.1	126.1	124.8	129.5	128.1	130.1	141.5	134.8	135.5	134.8	126.8
800.7	131.9	127.2	131.2	122.5	126.5	127.2	129.2	135.2	129.2	131.9	133.2	126.5
801.5	132.5	120.5	133.2	123.2	127.9	124.5	138.5	137.2	129.2	134.5	127.2	123.9
802.2	124.9	122.9	130.9	123.6	124.3	124.9	139.6	135.6	132.9	135.6	130.3	128.3
803.0	126.0	118.0	126.0	129.3	122.7	122.0	136.0	133.3	134.7	135.3	127.3	131.3
803.7	120.5	121.2	125.2	129.2	121.2	125.2	125.9	127.2	141.2	135.9	129.2	139.2
804.5	119.9	119.2	126.5	129.9	125.2	125.9	122.5	131.2	140.5	129.9	127.9	133.2
805.2	116.4	121.7	121.1	121.1	125.7	127.7	122.4	131.1	139.1	127.1	127.7	127.1
806.0	114.3	122.9	118.3	118.9	123.6	126.3	124.9	128.3	130.3	123.6	131.6	122.3
806.7	114.9	121.6	114.3	111.6	120.9	120.9	122.3	124.9	122.9	122.3	124.3	126.3
807.5	115.6	118.3	112.3	116.3	116.3	113.6	120.9	126.9	116.9	119.6	123.6	124.3
808.2	119.5	119.5	116.8	114.1	118.1	108.8	120.8	128.8	112.1	119.5	118.8	122.1
809.0	118.5	116.5	115.2	116.5	119.2	107.9	117.2	130.5	115.2	115.2	121.9	119.9
809.7	113.5	112.8	117.5	112.8	119.5	112.8	116.8	124.8	116.1	116.1	116.1	126.1
810.5	114.3	110.3	114.9	118.9	119.6	114.9	108.3	125.6	118.9	112.3	116.3	131.6
811.2	111.7	109.1	115.1	115.1	115.7	115.1	109.1	119.7	113.1	114.4	109.7	132.4
812.0	116.4	107.7	113.7	117.1	113.1	113.7	109.7	117.1	107.7	114.4	115.1	135.1
812.7	111.6	106.3	108.9	108.3	105.6	104.3	108.9	107.6	103.6	108.3	109.6	124.3
813.5	112.7	105.3	104.0	110.7	100.0	108.7	109.3	104.7	109.3	110.0	110.0	118.0
814.2	112.3	106.9	102.3	107.6	103.6	104.3	106.9	104.9	114.3	106.9	103.6	106.9
815.0	111.6	102.9	100.3	107.6	106.3	104.9	110.3	103.6	116.3	104.9	105.6	109.6
815.7	106.7	101.3	103.3	105.3	106.7	100.7	106.7	104.0	112.7	97.3	104.0	104.7
816.5	105.2	101.2	102.5	99.9	99.2	97.9	102.5	104.5	112.5	99.9	102.5	101.2
817.2	104.1	103.5	102.1	101.5	99.5	102.1	106.8	108.8	104.1	105.5	104.8	96.1
818.0	106.0	103.3	100.7	96.0	102.0	96.7	106.7	110.0	96.7	108.0	106.7	99.3
818.7	100.8	96.1	99.5	102.1	103.5	96.1	106.8	104.1	92.1	101.5	110.1	98.8
819.5	92.9	91.6	100.9	102.3	100.3	96.9	100.9	98.3	95.6	100.9	107.6	100.9
820.2	92.3	92.3	98.9	104.3	98.3	98.9	96.9	91.6	93.6	100.3	106.3	102.3
821.0	89.5	97.5	97.5	96.8	96.8	98.8	94.8	92.8	96.8	101.5	103.5	104.8
821.7	90.0	102.7	96.0	92.7	100.7	97.3	90.7	91.3	95.3	99.3	98.7	98.7
822.5	82.7	98.0	93.3	90.0	96.0	99.3	92.0	92.7	96.7	98.0	96.7	92.7
823.2	84.0	93.3	91.3	94.0	92.0	98.7	90.0	88.7	94.7	96.0	90.0	89.3
824.0	86.5	85.9	88.5	94.5	87.2	91.9	91.2	91.2	93.2	94.5	90.5	89.2
824.7	91.3	84.7	84.7	95.3	86.7	84.7	86.7	92.0	94.0	92.7	89.3	87.3
825.5	89.9	86.5	82.5	89.2	83.9	84.5	89.2	92.5	86.5	92.5	96.5	87.9
826.2	85.1	84.4	79.1	78.4	81.7	85.7	86.4	92.4	83.1	87.7	87.7	85.1
827.0	82.8	82.1	82.1	74.8	81.5	89.5	84.8	90.8	83.5	84.1	88.8	88.1
827.7	84.5	77.2	81.2	76.5	81.2	83.9	81.2	93.2	83.2	85.9	85.2	87.9
828.5	88.9	78.3	84.9	86.9	81.6	80.9	80.3	88.3	85.6	90.3	88.9	88.3
829.2	86.3	77.6	86.3	88.3	81.6	79.6	83.6	86.3	79.6	94.3	88.9	85.6
830.0	82.0	74.7	83.3	86.7	81.3	78.7	78.7	82.7	79.3	87.3	82.7	80.7
830.7	80.8	70.8	78.1	78.1	74.1	82.8	78.8	79.5	78.1	82.1	80.8	77.5
831.5	76.9	68.3	74.3	75.6	70.9	76.9	76.9	77.6	78.9	78.3	78.3	75.6
832.2	75.6	68.3	76.9	79.6	70.9	81.6	82.3	74.9	78.3	81.6	82.3	78.3
833.0	70.4	69.7	78.4	79.7	74.4	76.4	79.7	79.1	73.7	82.4	84.4	79.1
833.7	70.7	70.0	76.0	80.7	76.7	74.7	76.0	78.7	70.7	85.3	80.0	74.7
834.5	74.7	71.3	74.0	74.0	77.3	74.7	76.0	78.0	70.0	84.7	74.7	70.0
835.2	76.0	68.0	66.7	71.3	72.0	74.0	74.0	75.3	72.0	83.3	72.7	67.3
836.0	74.5	69.2	65.2	68.5	67.9	75.9	72.5	73.9	75.9	79.9	76.5	69.9
836.7	66.1	70.1	62.1	64.1	66.8	72.1	72.1	72.1	74.1	76.1	76.8	72.8
837.4	61.6	74.3	62.9	66.3	66.3	69.6	74.9	71.6	72.9	77.6	73.6	73.6
838.2	64.1	68.8	58.8	65.5	69.5	66.1	78.8	70.8	67.5	75.5	71.5	70.1
838.9	67.1	65.7	61.1	70.4	69.7	65.7	73.7	73.7	67.1	76.4	75.1	69.1
839.7	69.2	59.9	63.2	69.2	72.5	66.5	73.2	72.5	68.5	73.2	73.9	72.5
840.4	69.1	60.4	65.7	71.7	70.4	70.4	73.1	74.4	70.4	77.1	73.1	75.1
841.2	66.7	59.3	64.0	69.3	66.7	68.7	68.7	68.7	69.3	75.3	66.7	73.3
841.9	62.7	62.7	66.0	68.0	64.7	65.3	64.7	67.3	65.3	72.7	68.7	70.7
842.7	62.7	66.0	64.7	62.0	66.0	62.0	61.3	68.0	60.7	72.0	70.0	68.7
843.4	62.3	64.9	65.6	59.6	66.9	60.9	67.6	64.9	60.3	70.3	73.6	65.6
844.2	65.1	61.1	61.1	59.7	67.7	63.1	69.7	66.4	63.1	72.4	69.1	64.4
844.9	62.9	59.6	62.9	60.3	64.3	58.9	70.3	60.3	68.3	64.9	64.9	62.9
845.7	63.7	57.7	61.7	61.1	63.1	58.4	66.4	62.4	69.1	65.1	63.1	63.1
846.4	64.3	61.6	61.6	60.9	61.6	58.3	63.6	59.6	64.3	62.3	64.9	60.9
847.2	62.8	61.5	58.1	60.1	61.5	63.5	62.8	64.1	64.1	64.8	68.8	65.5
847.9	63.5	65.5	58.1	58.1	63.5	64.1	62.1	66.1	64.1	64.8	69.5	66.1
848.7	57.5	63.5	58.1	54.8	58.1	61.5	63.5	68.8	68.8	64.8	68.1	66.8
849.4	54.8	58.1	54.8	55.5	56.1	59.5	60.1	66.1	62.8	62.1	62.1	62.8
850.1	54.1	54.8	53.5	57.5	54.8	60.1	61.5	69.5	62.8	61.5	62.8	60.1
850.9	55.6	52.9	51.6	56.3	60.3	60.9	56.9	64.3	58.3	62.3	62.3	57.6
851.6	54.9	52.9	50.3	52.3	59.6	59.6	57.6	67.6	58.9	64.3	62.3	58.9
852.4	56.7	52.7	50.7	46.7	56.7	58.7	57.3	67.3	60.0	64.7	63.3	64.0
853.1	59.1	54.4	51.1	53.1	57.1	58.4	58.4	71.7	60.4	65.1	69.7	64.4
853.9	55.2	57.9	58.5	56.5	55.9	55.2	55.2	63.2	57.2	59.9	69.9	62.5
854.6	48.3	57.6	50.9	60.3	52.9	53.6	53.6	56.3	54.9	58.3	62.3	57.6
855.4	47.5	54.1	48.8	55.5	46.1	52.1	52.1	54.8	54.1	58.1	58.8	62.1
856.1	51.1	54.4	43.7	54.4	45.1	53.7	55.1	55.7	61.7	61.1	61.1	63.1
856.9	57.6	56.9	51.6	54.3	52.3	54.9	54.3	57.6	62.3	58.9	62.3	65.6
857.6	60.0	56.0	52.0	56.0	58.0	52.0	58.0	56.0	60.0	54.7	62.7	62.0
858.3	62.3	54.3	58.9	56.9	58.9	51.6	58.3	61.6	60.9	56.3	57.6	62.3
859.1	57.9	48.5	56.5	51.9	55.9	49.2	59.2	57.2	56.5	57.9	59.9	60.5
859.8	53.6	51.6	60.3	53.6	53.6	54.9	57.6	57.6	58.3	60.3	54.3	65.6
860.6	54.8	51.5	54.8	52.1	52.8	53.5	56.8	54.1	52.1	56.8	61.5	63.5
861.3	61.7	55.7	54.4	59.1	49.7	51.7	49.1	54.4	54.4	57.1	64.4	66.4
862.1	65.1	49.1	52.4	53.1	48.4	49.1	48.4	56.4	56.4	55.1	64.4	60.4
862.8	63.9	52.5	50.5	56.5	51.9	53.9	49.9	56.5	61.9	56.5	60.5	60.5
863.6	58.4	49.1	52.4	53.1	53.1	57.1	59.7	63.1	65.1	57.7	55.1	56.4
864.3	55.5	56.1	52.8	57.5	58.1	59.5	64.1	63.5	60.8	61.5	58.8	59.5
865.1	57.9	55.9	57.9	59.9	58.5	59.9	66.5	65.9	61.2	64.5	62.5	60.5
865.8	64.4	62.4	59.1	62.4	65.1	63.1	67.7	67.1	61.7	69.1	65.7	65.1
866.5	67.1	61.7	62.4	63.7	63.7	64.4	67.1	65.7	69.7	71.7	66.4	67.7
867.3	64.3	59.6	62.9	59.6	62.9	64.3	67.6	64.3	65.6	68.9	61.6	67.6
868.0	63.2	57.9	64.5	57.2	62.5	62.5	69.2	64.5	65.2	69.2	61.2	62.5
868.8	67.3	60.0	66.7	61.3	64.0	62.7	69.3	70.0	64.0	68.0	64.0	63.3
869.5	72.8	59.5	66.8	66.8	66.1	65.5	66.8	72.8	66.8	72.8	68.8	68.8
870.3	73.9	59.2	66.5	69.9	67.9	72.5	63.9	71.2	67.2	69.2	69.2	77.9
871.0	72.0	62.0	67.3	70.0	70.7	74.7	66.0	74.0	67.3	72.0	70.0	76.7
871.7	68.7	69.3	70.0	68.0	72.0	70.7	68.7	74.0	72.0	73.3	68.7	75.3
872.5	68.4	73.1	71.7	71.1	71.1	69.7	71.7	72.4	74.4	79.1	70.4	73.1
873.2	70.8	76.1	74.1	75.5	70.1	70.1	76.1	70.8	82.1	78.8	70.8	78.1
874.0	72.9	75.6	72.3	76.9	76.3	74.3	82.9	72.3	84.3	76.3	71.6	81.6
874.7	73.3	79.3	76.0	77.3	74.7	74.0	88.0	79.3	87.3	70.7	75.3	81.3
875.5	75.1	83.1	73.7	73.7	79.1	79.1	87.1	81.1	82.4	77.1	75.7	79.7
876.2	82.7	86.0	80.7	78.0	75.3	85.3	89.3	86.7	85.3	83.3	83.3	86.0
877.0	90.3	88.3	81.6	84.3	84.3	92.9	92.3	90.3	88.9	96.9	86.9	94.3
877.7	93.6	88.9	90.9	90.9	90.9	95.6	96.9	98.9	96.9	100.3	94.3	104.3
878.4	98.3	95.6	92.9	98.9	98.9	102.3	100.3	108.3	100.9	102.9	97.6	107.6
879.2	102.0	100.0	100.0	104.0	105.3	105.3	105.3	111.3	106.0	101.3	105.3	110.7
879.9	112.9	106.9	104.3	110.3	108.3	112.9	108.9	113.6	108.9	104.9	114.3	108.3
880.7	118.5	112.5	112.5	115.9	113.2	115.2	115.2	118.5	116.5	115.9	118.5	113.2
881.4	116.8	111.5	118.1	118.8	116.8	119.5	116.8	126.1	124.8	124.1	124.8	121.5
882.2	110.5	118.5	117.2	115.9	117.9	121.2	121.2	126.5	127.2	123.2	125.9	127.9
882.9	112.1	118.1	112.8	118.1	118.8	122.1	123.5	124.8	126.1	122.1	128.1	125.5
883.6	115.5	126.1	111.5	119.5	116.8	120.8	130.1	121.5	126.1	121.5	128.8	122.1
884.4	119.7	114.4	114.4	124.4	121.1	121.7	131.1	118.4	124.4	123.1	127.7	124.4
885.1	118.3	110.9	117.6	121.6	122.3	121.6	124.3	116.9	124.9	122.3	124.9	125.6
885.9	112.4	109.1	113.7	120.4	118.4	120.4	117.1	117.7	118.4	120.4	117.7	122.4
886.6	103.2	111.2	115.2	119.2	104.5	110.5	111.2	119.2	117.2	117.9	109.9	113.9
887.4	96.1	111.5	112.1	115.5	100.8	104.8	110.8	117.5	109.5	112.8	106.8	108.1
888.1	96.0	101.3	104.7	108.7	98.7	102.0	104.7	107.3	102.7	106.7	103.3	102.7
888.8	98.7	96.7	96.7	102.0	104.7	100.7	101.3	104.7	95.3	105.3	100.7	103.3
889.6	97.7	93.7	90.4	98.4	103.1	99.7	99.1	101.1	91.7	104.4	101.1	107.1
890.3	98.8	88.8	90.1	98.1	101.5	93.5	96.1	103.5	91.5	102.8	98.1	111.5
891.1	96.0	88.7	86.7	92.7	100.0	95.3	96.0	102.7	93.3	99.3	96.7	106.7
891.8	91.7	84.4	89.7	90.4	95.7	93.1	91.7	99.1	91.1	92.4	94.4	95.7
892.5	90.4	87.1	95.7	87.1	93.7	91.1	93.7	99.7	86.4	91.7	95.1	89.7
893.3	91.1	83.7	92.4	92.4	89.7	87.7	87.7	94.4	86.4	89.7	93.1	89.1
894.0	87.7	82.4	87.7	91.7	89.7	83.7	87.7	91.1	87.1	89.1	89.7	90.4
894.8	84.9	80.3	86.3	94.9	88.9	84.9	82.3	85.6	90.9	88.9	90.3	89.6
895.5	82.1	77.5	86.8	89.5	81.5	80.1	80.8	83.5	88.8	86.8	91.5	89.5
896.2	84.3	76.3	84.9	86.9	70.9	81.6	73.6	76.3	86.3	88.9	82.3	90.3
897.0	79.1	73.7	76.4	83.7	67.7	78.4	73.1	79.7	82.4	80.4	78.4	88.4
897.7	75.9	72.5	73.9	86.5	72.5	79.2	73.9	77.2	79.9	75.2	76.5	85.9
898.5	74.0	68.0	72.0	85.3	78.7	73.3	79.3	84.0	82.0	70.7	84.7	83.3
899.2	76.8	71.5	71.5	83.5	78.1	68.1	79.5	81.5	80.8	72.1	83.5	82.1
900.0	75.9	71.2	69.9	73.2	79.9	65.2	79.9	83.9	82.5	71.9	83.2	79.9
900.7	73.5	68.8	68.1	65.5	76.1	67.5	76.8	80.8	75.5	70.8	82.1	74.1
901.4	71.5	65.5	70.8	61.5	74.8	72.1	74.1	76.1	76.8	68.8	78.8	71.5
902.2	66.5	64.5	73.2	65.9	66.5	68.5	73.2	73.2	71.2	75.2	72.5	69.9
902.9	65.1	67.7	69.7	67.7	69.1	61.7	73.1	66.4	72.4	75.7	67.1	71.7
903.7	62.8	73.5	65.5	66.8	67.5	58.1	68.8	70.8	71.5	77.5	67.5	69.5
904.4	66.3	68.9	59.6	64.3	71.6	60.3	66.3	66.9	68.9	70.3	64.3	67.6
905.1	62.8	66.1	56.1	58.1	66.8	65.5	60.1	69.5	68.1	68.1	61.5	64.8
905.9	60.7	56.7	54.0	57.3	60.7	63.3	59.3	63.3	60.7	65.3	56.7	63.3
906.6	55.1	58.4	55.7	58.4	56.4	61.7	62.4	61.1	60.4	63.1	58.4	62.4
907.4	52.5	62.5	61.9	61.2	54.5	61.2	62.5	59.2	54.5	54.5	57.2	59.2
908.1	53.1	59.7	61.7	61.1	58.4	63.1	63.1	60.4	53.7	53.7	56.4	55.7
908.8	57.3	58.7	60.0	56.7	56.0	61.3	54.0	64.0	51.3	51.3	54.7	56.7
909.6	60.0	48.0	58.0	53.3	56.7	54.7	49.3	64.0	50.0	56.0	52.0	60.7
910.3	56.7	49.3	58.7	50.7	53.3	48.0	47.3	57.3	49.3	52.7	56.0	63.3
911.1	51.9	45.2	54.5	50.5	51.9	48.5	45.9	49.9	43.2	55.9	59.2	57.9
911.8	47.6	50.3	54.9	51.6	51.6	50.9	50.9	48.9	43.6	54.9	61.6	52.3
912.5	48.9	50.9	49.6	50.9	54.3	53.6	49.6	50.3	43.6	54.9	55.6	49.6
913.3	48.0	51.3	46.0	48.0	52.7	50.0	52.7	53.3	52.7	53.3	52.0	49.3
914.0	47.6	52.9	41.6	48.3	48.9	48.3	52.3	53.6	56.3	51.6	45.6	44.9
914.8	44.3	52.9	41.6	45.6	46.3	46.9	54.3	50.9	52.3	52.9	40.9	38.9
915.5	46.1	53.5	45.5	48.1	46.8	44.8	52.1	48.8	46.1	52.8	38.1	38.8
916.2	45.6	50.3	45.6	46.9	44.9	45.6	49.6	46.9	43.6	54.9	41.6	42.9
917.0	43.6	43.6	45.6	47.6	41.6	47.6	41.6	47.6	40.9	52.3	43.6	45.6
917.7	39.6	43.6	47.6	47.6	42.3	50.3	40.3	46.9	36.9	53.6	44.9	46.3
918.4	41.2	41.9	47.2	49.9	45.9	51.2	36.5	43.9	38.5	51.2	47.2	50.5
919.2	42.9	42.9	45.6	47.6	45.6	49.6	41.6	44.3	38.9	51.6	46.9	51.6
919.9	43.3	41.3	42.7	44.0	45.3	49.3	40.0	42.0	44.0	44.0	42.7	51.3
920.7	41.2	41.2	40.5	39.2	46.5	48.5	44.5	43.2	41.9	41.9	40.5	45.9
921.4	39.2	40.5	42.5	38.5	47.9	47.9	41.2	41.9	43.9	38.5	42.5	42.5
922.1	38.7	38.7	40.7	43.3	49.3	51.3	43.3	44.0	47.3	41.3	48.0	41.3
922.9	36.8	36.8	38.1	40.8	43.5	44.8	40.1	42.1	44.8	39.5	44.1	40.8
923.6	37.1	37.1	32.4	41.7	41.1	39.7	41.7	41.7	43.7	43.1	42.4	41.1
924.4	35.3	37.3	31.3	35.3	36.0	31.3	40.0	42.0	39.3	42.0	41.3	40.0
925.1	37.3	33.3	31.3	39.3	34.7	31.3	41.3	38.0	40.0	40.7	44.0	36.7
925.8	39.7	34.4	37.1	39.1	36.4	35.7	39.7	37.1	39.1	38.4	43.7	35.7
926.6	41.6	29.6	32.9	35.6	33.6	34.9	32.3	30.9	35.6	35.6	40.3	31.6
927.3	39.9	27.9	33.9	31.2	33.9	34.5	27.9	34.5	34.5	35.9	36.5	30.5
928.0	37.1	23.1	27.1	26.4	31.1	25.7	27.1	32.4	35.1	35.7	33.1	34.4
928.8	32.9	25.6	32.9	27.6	32.9	26.3	30.9	34.3	39.6	36.9	30.3	32.9
929.5	31.7	28.4	30.4	26.4	29.1	27.1	29.1	28.4	34.4	36.4	32.4	29.7
930.3	25.7	29.7	29.1	25.7	23.7	28.4	29.7	29.7	34.4	31.1	31.7	27.1
931.0	27.2	28.5	23.9	23.9	21.2	27.2	32.5	25.9	29.2	31.9	33.2	28.5
931.7	28.1	26.8	24.8	25.5	24.8	24.1	32.1	27.5	33.5	28.8	30.8	31.5
932.5	31.1	25.1	24.4	26.4	26.4	21.1	29.1	25.7	30.4	25.7	28.4	26.4
933.2	25.6	19.6	20.9	22.9	25.6	22.3	22.9	24.3	28.3	22.3	24.9	19.6
933.9	23.2	14.5	18.5	19.2	21.9	20.5	18.5	20.5	24.5	23.2	19.9	17.9
934.7	18.9	10.9	13.6	16.9	16.9	19.6	13.6	14.3	21.6	24.9	19.6	15.6
935.4	20.9	14.9	15.6	21.6	14.9	16.3	12.3	14.9	25.6	24.3	16.9	18.9
936.2	19.3	19.3	15.3	23.3	15.3	14.7	12.7	18.7	22.7	24.7	19.3	21.3
936.9	18.3	21.6	22.3	22.3	20.9	17.6	19.6	22.3	22.3	23.6	17.6	22.3
937.6	18.8	20.8	16.8	21.5	23.5	15.5	20.1	22.8	16.1	20.1	18.8	22.1
938.4	12.4	15.7	12.4	18.4	20.4	15.7	21.7	21.7	18.4	19.1	13.7	15.7
939.1	13.1	15.1	8.4	17.7	17.1	16.4	18.4	22.4	18.4	14.4	11.7	17.7
939.8	9.6	14.9	12.3	12.3	13.6	21.6	16.9	25.6	17.6	12.9	10.9	12.9
940.6	12.3	18.3	12.9	13.6	13.6	20.3	16.3	24.9	14.9	12.3	18.3	14.3
941.3	10.5	19.2	9.9	14.5	10.5	17.9	14.5	21.2	10.5	17.9	21.9	11.2
942.0	11.7	17.7	11.1	15.7	9.7	15.7	15.1	21.1	11.7	22.4	23.7	14.4
942.8	16.3	12.9	8.9	12.3	11.6	15.6	12.9	16.3	15.6	21.6	21.6	15.6
943.5	23.2	10.5	11.9	15.9	15.2	18.5	14.5	19.2	23.2	17.2	17.9	18.5
944.3	20.9	10.9	11.6	17.6	15.6	16.3	16.9	12.3	21.6	14.3	10.9	17.6
945.0	20.1	16.1	20.1	20.8	18.1	21.5	19.5	16.8	22.1	16.1	7.5	14.1
945.7	11.6	17.6	19.6	16.3	16.9	19.6	18.9	15.6	17.6	18.3	9.6	10.9
946.5	12.9	14.9	16.9	14.9	14.9	18.3	12.3	16.3	18.3	17.6	10.3	10.9
947.2	9.7	11.1	11.7	12.4	9.1	12.4	13.7	16.4	9.7	11.1	11.1	13.1
947.9	12.7	6.7	12.0	12.0	8.7	7.3	13.3	17.3	11.3	8.7	10.0	12.0
948.7	16.1	10.8	11.5	8.8	10.8	6.8	18.8	20.8	6.8	9.5	14.1	14.1
949.4	16.3	12.3	11.6	8.9	7.6	6.9	16.3	19.6	8.3	12.3	14.3	13.6
950.1	14.8	15.5	10.1	7.5	9.5	11.5	18.1	19.5	7.5	14.1	14.1	13.5
950.9	12.0	9.3	11.3	10.0	9.3	11.3	15.3	16.0	10.0	10.7	10.7	11.3
951.6	15.9	7.9	10.5	7.9	13.9	15.2	15.9	12.5	13.2	11.2	8.5	12.5
952.3	15.5	11.5	13.5	12.8	14.1	15.5	14.8	8.8	13.5	12.8	10.1	13.5
953.1	13.7	15.7	14.4	15.1	13.7	20.4	16.4	10.4	17.7	16.4	13.7	12.4
953.8	10.4	18.4	15.1	13.1	11.7	15.7	16.4	13.7	19.1	18.4	13.7	13.7
954.6	13.3	12.7	15.3	8.7	14.0	14.7	15.3	14.0	20.7	16.7	10.7	12.7
955.3	14.5	13.9	12.5	5.2	13.9	8.5	16.5	16.5	18.5	12.5	11.2	15.9
956.0	15.5	14.1	14.1	10.1	15.5	8.8	16.8	14.1	18.1	8.8	14.1	11.5
956.8	15.5	15.5	14.1	15.5	10.1	9.5	18.1	13.5	18.1	8.1	16.1	10.8
957.5	13.1	11.7	14.4	13.7	11.1	9.7	15.1	9.1	15.7	11.1	11.1	4.4
958.2	11.6	8.3	14.9	12.9	10.9	8.3	11.6	8.9	15.6	12.9	9.6	6.3
959.0	8.8	6.1	12.8	9.5	10.8	8.8	9.5	13.5	14.8	14.1	7.5	7.5
959.7	9.7	7.1	16.4	12.4	11.1	12.4	9.1	11.7	10.4	13.7	11.1	10.4
960.4	8.9	7.6	15.6	11.6	10.3	16.3	10.9	11.6	7.6	12.9	11.6	10.3
961.2	9.5	10.8	17.5	8.1	14.8	16.1	12.8	6.1	7.5	14.8	10.8	11.5
961.9	8.8	10.1	14.8	7.5	12.1	11.5	13.5	6.8	12.8	10.8	8.1	8.8
962.6	7.7	9.1	9.7	7.1	13.7	9.7	13.7	13.1	15.1	13.7	5.1	9.7
963.4	4.1	7.5	6.1	8.8	10.8	6.1	10.8	14.1	12.8	8.1	6.8	8.1
964.1	4.0	8.0	5.3	10.0	10.7	8.7	8.7	18.0	10.0	11.3	7.3	8.7
964.8	7.7	6.4	3.7	6.4	9.1	5.7	5.1	7.7	4.4	5.7	9.1	3.7
965.6	7.9	6.5	7.2	3.9	9.2	5.2	3.2	5.9	3.9	9.2	7.9	3.9
966.3	6.7	4.0	6.0	2.7	8.0	6.7	4.0	1.3	4.7	6.7	9.3	6.7
967.0	3.3	5.3	10.0	5.3	6.0	8.7	5.3	6.0	5.3	8.0	8.0	8.7
967.8	5.7	2.4	7.1	8.4	4.4	11.7	6.4	7.7	6.4	11.1	9.1	7.7
968.5	7.9	2.5	7.2	7.9	5.2	7.9	7.2	7.9	3.9	13.2	5.9	10.5
969.2	9.9	3.2	8.5	7.2	5.2	9.9	4.5	7.2	9.9	15.2	5.9	11.9
970.0	8.4	7.7	7.7	11.1	3.7	9.1	7.1	7.7	8.4	11.1	3.7	12.4
970.7	9.1	10.4	9.7	13.1	3.7	13.1	9.1	9.7	11.1	7.7	5.1	7.1
971.4	7.7	15.1	9.7	17.7	5.1	11.7	14.4	9.7	8.4	9.1	5.1	7.7
972.2	8.0	13.3	11.3	10.0	6.0	6.0	10.0	9.3	7.3	8.0	6.0	6.7
972.9	9.5	15.5	8.8	6.8	7.5	2.1	9.5	6.8	10.1	10.8	8.8	10.1
973.6	8.0	10.0	6.7	4.0	8.0	0.0	6.7	5.3	8.0	7.3	11.3	9.3
974.4	10.3	5.6	5.6	10.3	12.3	5.6	6.9	4.9	8.3	6.3	12.9	12.3
975.1	5.2	3.2	5.2	11.9	12.5	9.9	5.2	5.9	4.5	6.5	12.5	7.9
975.8	5.3	5.3	5.3	11.3	11.3	13.3	5.3	6.7	8.7	8.7	8.0	6.0
976.6	6.0	11.3	8.0	6.0	8.0	14.7	3.3	6.7	10.7	10.7	4.7	6.7
977.3	7.6	11.6	8.9	2.9	8.3	13.6	6.3	5.6	10.9	12.9	4.3	10.3
978.0	7.7	9.7	9.7	3.7	8.4	11.1	7.1	9.7	9.7	10.4	5.7	11.7
978.8	6.9	6.3	7.6	4.9	9.6	6.9	12.3	8.9	8.3	9.6	8.3	6.3
979.5	6.0	3.3	4.0	7.3	8.7	7.3	9.3	9.3	7.3	7.3	6.0	5.3
980.2	7.9	4.5	1.9	5.9	11.9	7.2	9.2	7.9	6.5	11.2	7.9	7.2
981.0	7.5	4.8	1.5	4.1	9.5	9.5	8.8	7.5	8.1	7.5	7.5	7.5
981.7	11.1	7.7	4.4	2.4	11.7	7.1	9.7	9.7	13.7	7.1	7.1	7.1
982.4	9.2	9.2	5.9	-0.1	9.2	9.2	9.2	4.5	13.2	2.5	6.5	3.9
983.1	9.9	9.2	7.2	1.9	11.2	5.9	5.9	3.9	10.5	5.9	7.2	5.9
983.9	11.1	9.7	9.7	3.7	9.7	7.7	5.1	5.7	8.4	9.7	7.1	9.1
984.6	9.9	5.2	9.9	7.9	11.9	6.5	7.9	6.5	7.2	13.9	7.2	11.2
985.3	7.6	5.6	6.9	6.9	12.3	10.9	10.3	10.9	11.6	13.6	6.9	14.3
986.1	7.1	6.4	5.7	8.4	11.1	9.7	11.7	12.4	9.1	12.4	4.4	13.7
986.8	6.8	9.5	7.5	8.1	7.5	8.8	4.1	17.5	10.1	10.8	5.5	12.8
987.5	9.2	10.5	5.9	7.2	5.9	9.2	5.2	13.2	8.5	11.9	5.2	11.2
988.3	7.1	7.7	7.7	5.1	7.1	7.1	3.1	9.1	11.1	7.7	7.7	9.7
989.0	5.3	5.3	4.7	3.3	9.3	4.7	8.7	6.0	6.0	7.3	10.0	7.3
989.7	3.3	3.3	8.0	3.3	6.0	-0.0	6.7	7.3	1.3	4.7	9.3	4.0
990.5	3.6	6.3	5.6	4.3	7.6	-1.1	8.3	4.3	0.9	4.3	11.6	3.6
991.2	7.1	5.1	3.7	6.4	5.7	-3.6	5.1	2.4	1.1	1.1	9.1	7.7
991.9	9.5	6.8	4.1	8.1	6.8	0.1	4.8	2.1	2.1	4.8	7.5	7.5
992.7	6.0	2.0	2.7	10.0	4.7	2.7	2.0	4.7	-0.7	8.0	3.3	8.7
993.4	3.3	4.7	7.3	12.0	5.3	7.3	6.7	4.7	2.0	11.3	1.3	4.7
994.1	2.0	3.3	5.3	12.0	8.0	8.0	8.7	4.7	4.7	10.7	5.3	5.3
994.8	1.7	5.1	5.7	9.1	7.1	7.1	8.4	2.4	5.7	5.7	6.4	3.1
995.6	2.3	3.6	-1.7	1.6	4.9	6.3	3.6	2.9	6.9	4.3	4.3	4.9
996.3	0.7	6.7	0.7	1.3	5.3	2.0	2.0	2.7	8.0	4.0	2.0	9.3
997.0	4.3	6.9	0.3	3.6	4.9	3.6	4.9	6.3	10.9	5.6	5.6	8.9
997.8	6.5	5.2	7.9	7.9	8.5	3.9	7.9	7.2	10.5	3.2	6.5	8.5
998.5	6.7	4.0	8.0	10.7	8.0	3.3	6.7	2.7	7.3	2.0	6.0	7.3
999.2	5.7	3.1	8.4	9.7	7.1	3.1	2.4	1.7	7.1	4.4	5.1	9.7
1000.0	6.3	6.9	4.9	9.6	9.6	-1.1	0.9	1.6	6.9	8.3	4.9	10.3
1000.7	7.5	6.8	1.5	8.8	9.5	-0.5	3.5	5.5	7.5	8.8	4.8	8.8
1001.4	10.8	8.1	2.1	10.1	8.8	-1.9	5.5	0.8	4.1	4.8	4.1	7.5
1002.1	7.7	11.1	3.1	11.1	6.4	1.7	7.1	1.7	3.1	3.1	7.1	6.4
1002.9	9.5	10.1	5.5	8.8	3.5	6.8	6.8	0.8	3.5	0.8	8.8	6.8
1003.6	6.0	10.0	4.7	7.3	7.3	8.0	8.7	4.7	6.0	2.7	7.3	4.7
1004.3	6.5	5.2	5.2	7.9	2.5	7.9	6.5	5.2	8.5	0.5	5.9	4.5
1005.1	3.9	8.5	6.5	9.2	4.5	1.2	9.2	8.5	11.9	3.9	9.9	5.9
1005.8	1.7	5.7	7.1	7.1	-0.9	-0.9	3.7	7.7	7.1	6.4	12.4	8.4
1006.5	4.5	6.5	4.5	5.9	1.2	-0.1	2.5	7.2	3.2	6.5	11.9	7.9
1007.3	4.3	2.3	4.9	2.9	2.9	4.3	-2.4	6.3	-1.1	6.3	7.6	4.3
1008.0	5.7	4.4	5.7	2.4	4.4	7.1	3.1	9.1	1.1	4.4	6.4	5.1
1008.7	2.5	2.5	5.2	-0.1	0.5	4.5	5.2	7.9	1.2	4.5	5.9	4.5
1009.4	1.2	2.5	3.9	0.5	-2.1	7.2	5.9	5.2	2.5	1.9	7.2	5.2
1010.2	2.8	3.5	3.5	4.1	0.8	3.5	4.8	2.1	6.1	3.5	2.1	6.1
1010.9	3.9	6.5	5.2	3.9	5.2	7.2	3.9	-0.1	7.9	6.5	3.2	9.2
1011.6	2.4	7.1	2.4	3.1	7.1	5.1	3.1	4.4	10.4	5.7	2.4	11.1
1012.4	-1.1	8.9	0.3	4.3	6.9	7.6	4.3	8.9	8.3	4.3	6.3	5.6
1013.1	-1.9	6.8	0.1	4.8	6.8	6.1	4.1	8.8	6.1	1.5	4.1	4.1
1013.8	-0.4	7.6	2.9	6.3	8.3	2.3	4.3	2.3	1.6	1.6	5.6	1.6
1014.5	2.8	5.5	5.5	2.1	5.5	3.5	2.1	-3.9	0.1	1.5	4.1	4.1
1015.3	-0.4	6.9	7.6	1.6	6.3	3.6	6.3	-1.1	-1.1	0.9	3.6	5.6
1016.0	1.1	3.7	5.7	-0.3	3.1	5.7	8.4	3.1	-1.6	2.4	0.4	5.7
1016.7	-0.0	1.3	1.3	1.3	4.7	4.7	9.3	3.3	-0.7	2.0	2.0	4.0
1017.4	4.5	2.5	1.9	3.2	5.9	5.2	7.2	3.9	5.2	6.5	5.2	1.9
1018.2	7.2	3.9	1.9	5.2	7.2	5.2	6.5	0.5	6.5	8.5	3.2	-0.1
1018.9	4.8	8.1	2.8	2.8	10.8	6.1	6.8	7.5	6.8	5.5	4.1	0.1
1019.6	2.5	7.9	-0.1	4.5	6.5	5.2	3.9	5.2	4.5	4.5	2.5	1.2
1020.4	-3.5	7.9	-0.1	1.9	5.2	4.5	3.9	5.9	9.2	1.9	7.9	4.5
1021.1	1.6	3.6	1.6	-1.1	0.9	1.6	2.3	-0.4	9.6	2.3	5.6	4.3
1021.8	1.3	-1.3	2.7	-6.7	2.7	2.7	4.0	-0.7	8.7	0.7	3.3	2.7
1022.5	2.8	-1.2	4.1	-6.5	0.1	2.1	2.1	-0.5	4.8	0.1	-3.2	4.1
1023.3	-3.6	-1.6	1.7	-3.6	-0.9	1.1	2.4	-0.9	-0.3	1.1	-1.6	5.7
1024.0	2.7	0.7	2.0	1.3	-2.0	1.3	2.0	-1.3	-1.3	0.7	-0.7	8.0
1024.7	4.8	0.1	0.8	4.8	0.8	4.8	3.5	-1.9	-3.2	3.5	2.1	2.1
1025.5	9.2	1.9	4.5	4.5	1.9	5.2	2.5	1.9	2.5	5.2	1.2	0.5
1026.2	7.5	8.1	4.8	4.1	5.5	4.1	3.5	6.8	7.5	6.1	2.8	-1.2
1026.9	8.9	7.6	5.6	2.3	6.3	4.3	7.6	15.6	7.6	4.9	2.9	4.3
1027.6	9.1	7.7	5.7	1.7	7.1	3.1	9.7	14.4	7.1	5.1	3.1	5.1
1028.4	6.7	4.7	6.0	2.0	4.0	1.3	5.3	8.7	3.3	6.0	4.7	4.7
1029.1	7.2	6.5	5.9	4.5	5.2	0.5	1.9	1.9	7.2	8.5	5.9	2.5
1029.8	4.9	5.6	5.6	5.6	7.6	2.9	0.9	1.6	4.3	10.3	6.9	2.9
1030.5	2.9	4.3	6.9	6.3	7.6	5.6	6.9	3.6	5.6	6.3	7.6	6.9
1031.3	-1.2	2.1	2.8	2.8	6.8	3.5	4.1	2.1	-1.2	0.8	6.8	6.8
1032.0	-1.2	3.5	2.8	6.1	6.1	3.5	2.8	0.1	-1.2	0.1	10.1	6.8
1032.7	-0.3	3.1	-0.3	4.4	7.1	2.4	1.1	1.7	-1.6	6.4	6.4	3.1
1033.4	-0.3	5.7	1.7	7.7	5.7	-0.3	3.7	3.7	6.4	11.7	5.7	4.4
1034.2	2.4	5.7	1.1	1.7	5.1	0.4	9.7	4.4	7.7	11.7	1.7	3.7
1034.9	1.1	4.4	2.4	3.1	3.1	-1.6	12.4	4.4	9.1	9.1	3.7	2.4
1035.6	2.1	3.5	4.8	0.8	6.1	2.1	14.8	4.8	5.5	7.5	6.1	0.8
1036.3	0.5	1.9	3.9	-0.1	3.9	2.5	9.2	5.2	5.2	3.9	7.9	-0.8
1037.1	0.4	4.4	-0.3	-2.9	5.1	5.1	3.1	4.4	2.4	3.1	5.1	-0.9
1037.8	2.0	4.7	3.3	-1.3	4.7	3.3	-2.7	6.0	3.3	0.7	6.0	-0.7
1038.5	0.4	1.1	-0.3	1.7	4.4	0.4	-4.9	5.1	0.4	-0.9	5.1	-0.3
1039.3	4.7	-1.3	1.3	3.3	2.0	-1.3	-2.0	-0.0	1.3	-2.0	9.3	3.3
1040.0	3.9	-5.5	-4.8	-0.1	-0.8	1.9	-1.5	-3.5	-0.1	-1.5	1.9	2.5
1040.7	6.1	0.8	0.1	-1.9	2.8	5.5	1.5	-3.9	4.8	4.8	-1.2	6.8
1041.4	3.5	0.8	2.8	-1.9	8.8	5.5	3.5	0.1	6.8	5.5	-1.2	7.5
1042.2	4.8	6.8	4.8	0.8	8.1	3.5	5.5	1.5	5.5	8.1	3.5	8.8
1042.9	6.3	4.3	5.6	5.6	7.6	3.6	8.9	4.9	4.3	4.9	7.6	4.9
1043.6	5.3	6.0	6.7	7.3	2.0	5.3	8.7	4.7	4.0	2.7	6.0	1.3
1044.3	4.4	3.7	6.4	5.7	1.7	7.7	9.1	5.1	5.1	-0.3	1.7	2.4
1045.1	-0.3	7.1	9.1	5.1	3.7	7.7	5.1	5.1	7.1	0.4	1.7	4.4
1045.8	0.0	6.0	8.7	0.0	7.3	6.0	2.0	4.0	6.7	4.0	3.3	6.0
1046.5	0.7	6.0	9.3	1.3	9.3	2.7	2.0	2.7	8.7	4.0	6.7	6.0
1047.2	7.6	8.9	6.9	0.9	4.9	2.3	2.3	1.6	6.9	8.9	8.3	4.9
1048.0	7.6	9.6	3.6	3.6	3.6	4.3	2.3	2.3	4.9	8.3	5.6	2.3
1048.7	4.1	7.5	1.5	2.1	3.5	4.1	2.1	0.8	2.8	8.1	6.1	-0.5
1049.4	1.3	4.7	2.7	1.3	1.3	5.3	4.7	1.3	3.3	6.7	4.7	-2.0
1050.1	4.8	3.5	7.5	4.1	4.1	4.1	10.8	3.5	4.1	6.8	9.5	2.8
1050.8	5.5	7.5	11.5	6.8	3.5	6.8	12.8	10.1	7.5	6.1	9.5	4.1
1051.6	4.8	1.5	9.5	7.5	8.8	5.5	10.8	9.5	6.1	4.1	6.1	4.8
1052.3	0.8	2.1	4.8	4.8	6.1	3.5	5.5	8.8	5.5	4.8	4.1	3.5
1053.0	-0.4	-0.4	4.3	5.6	6.9	4.3	4.3	4.3	3.6	8.3	4.3	5.6
1053.7	0.3	4.3	5.6	8.9	4.9	3.6	6.9	8.3	6.3	10.9	6.3	7.6
1054.5	8.0	7.3	10.7	9.3	2.0	8.0	5.3	10.7	7.3	10.0	6.0	7.3
1055.2	11.1	6.4	11.1	7.1	2.4	7.7	4.4	9.7	8.4	9.1	3.7	6.4
1055.9	11.5	4.1	6.8	1.5	1.5	8.1	3.5	7.5	6.1	5.5	2.8	6.1
1056.6	7.7	1.1	4.4	4.4	3.7	7.1	4.4	6.4	7.1	7.7	3.7	5.1
1057.4	7.1	5.1	3.7	5.7	8.4	5.1	5.7	7.7	9.7	10.4	9.7	2.4
1058.1	7.7	9.1	7.1	9.7	9.7	9.1	7.7	9.1	16.4	13.1	11.7	4.4
1058.8	10.5	8.5	6.5	9.2	12.5	9.2	9.9	8.5	15.9	13.9	10.5	3.2
1059.5	12.9	5.6	5.6	8.3	7.6	10.3	5.6	7.6	14.9	11.6	9.6	4.3
1060.3	9.9	3.2	6.5	5.2	5.9	10.5	1.9	5.9	9.2	10.5	11.9	4.5
1061.0	2.0	4.0	8.0	2.0	4.0	9.3	3.3	6.7	11.3	7.3	12.0	6.0
1061.7	1.6	8.3	10.9	4.3	6.3	8.3	6.9	7.6	11.6	5.6	9.6	4.9
1062.4	4.7	6.7	8.7	2.7	8.0	1.3	8.0	5.3	9.3	6.7	6.7	3.3
1063.1	12.0	6.0	8.7	5.3	4.0	2.0	4.0	1.3	6.0	8.0	4.7	4.7
1063.9	12.4	3.1	7.1	1.7	1.7	5.7	6.4	3.7	3.1	8.4	5.1	9.1
1064.6	10.5	5.2	9.2	3.9	3.2	11.9	4.5	5.2	4.5	9.2	7.2	9.2
1065.3	5.5	6.8	9.5	3.5	4.1	16.1	5.5	8.1	6.8	8.8	10.8	10.1
1066.0	3.5	6.8	7.5	6.8	2.1	14.1	0.8	6.1	6.8	11.5	10.1	8.8
1066.8	4.9	5.6	6.3	6.3	-3.7	9.6	1.6	8.3	8.9	4.9	5.6	7.6
1067.5	2.5	1.9	3.2	5.2	0.5	5.2	4.5	7.9	5.2	2.5	-0.1	3.9
1068.2	-0.4	3.6	4.3	2.9	2.9	4.3	6.9	6.9	1.6	1.6	0.3	4.9
1068.9	-3.9	6.1	1.5	6.1	4.8	2.1	11.5	5.5	-3.2	5.5	3.5	6.8
1069.7	1.5	12.1	2.8	7.5	3.5	2.1	7.5	5.5	0.8	6.8	10.1	7.5
1070.4	0.8	9.5	0.1	8.8	4.8	2.8	8.1	7.5	3.5	3.5	10.1	5.5
1071.1	6.3	6.9	2.3	8.3	8.3	8.3	4.9	4.9	2.9	2.3	8.9	4.9
1071.8	6.5	1.2	1.2	8.5	7.9	10.5	5.9	5.9	0.5	3.9	5.2	7.2
1072.5	9.7	1.1	0.4	5.7	1.7	9.1	3.1	3.7	-1.6	4.4	3.7	7.1
1073.3	5.7	3.1	2.4	7.7	1.1	8.4	1.7	3.1	-1.6	3.7	5.1	5.7
1074.0	4.9	8.9	3.6	5.6	2.9	4.9	2.3	0.9	-1.7	2.9	5.6	0.9
1074.7	5.9	5.2	4.5	6.5	6.5	3.9	5.2	3.9	1.2	5.2	5.2	-0.1
1075.4	6.1	0.8	0.8	3.5	5.5	0.1	5.5	6.1	2.1	5.5	0.8	2.1
1076.1	2.3	-2.4	-3.1	4.3	1.6	2.3	4.3	5.6	2.9	4.3	0.3	4.3
1076.9	-0.0	4.7	1.3	6.7	-0.0	2.0	3.3	5.3	-1.3	2.7	2.7	4.7
1077.6	-1.1	6.9	2.9	2.9	2.3	2.9	4.3	4.3	-0.4	4.3	2.9	4.3
1078.3	-0.9	9.7	0.4	1.7	3.1	-2.3	3.1	1.7	-4.3	1.7	-0.3	5.1
1079.0	0.5	6.5	-2.1	1.9	4.5	-2.1	1.2	0.5	-3.5	1.2	-2.1	8.5
1079.8	1.5	6.8	-1.2	6.8	4.8	-0.5	2.8	1.5	-3.2	-1.9	0.1	6.8
1080.5	3.7	2.4	5.1	7.1	6.4	3.7	4.4	5.7	1.1	3.1	3.1	6.4
1081.2	5.6	3.6	3.6	5.6	4.9	4.9	6.9	2.9	3.6	2.9	4.9	0.9
1081.9	8.4	3.1	2.4	4.4	2.4	4.4	3.1	3.7	3.7	5.1	5.7	4.4
1082.6	7.5	5.5	2.1	6.8	3.5	2.1	6.1	5.5	2.8	3.5	4.8	2.8
1083.4	5.6	6.9	2.9	7.6	6.3	1.6	4.9	7.6	5.6	5.6	2.9	5.6
1084.1	2.7	7.3	1.3	5.3	4.0	0.7	7.3	4.7	4.0	5.3	2.7	2.0
1084.8	2.4	5.1	0.4	-2.3	1.7	1.7	1.7	1.1	3.1	5.7	2.4	1.7
1085.5	1.3	1.3	-0.7	-7.3	-2.7	0.0	2.0	0.0	1.3	4.7	4.7	-1.3
1086.2	-0.9	2.4	1.1	-5.6	-4.9	1.7	1.1	1.7	1.7	5.1	3.7	0.4
1087.0	0.1	2.1	1.5	0.1	-4.5	4.1	7.5	-0.5	1.5	4.1	5.5	2.8
1087.7	1.7	0.4	3.1	4.4	-0.9	4.4	6.4	1.7	-0.3	3.7	3.7	3.7
1088.4	5.2	0.5	2.5	2.5	4.5	3.2	6.5	1.9	-0.8	1.2	2.5	1.2
1089.1	5.7	2.4	3.7	0.4	1.7	1.1	2.4	5.7	-0.3	1.1	-0.9	-2.3
1089.8	1.2	3.9	3.2	-1.5	0.5	1.9	1.9	3.9	4.5	-0.1	1.2	-1.5
1090.6	-2.7	1.3	4.7	-2.7	-3.3	0.0	0.7	-0.7	6.7	2.0	1.3	-1.3
1091.3	-4.7	1.3	4.7	-0.7	-4.0	-1.3	1.3	-0.7	5.3	0.0	4.0	0.7
1092.0	-3.5	3.9	5.2	0.5	-2.1	1.9	3.2	-0.8	1.9	0.5	3.9	-1.5
1092.7	-3.5	4.5	6.5	1.2	-0.8	1.2	3.9	3.9	1.2	1.2	2.5	-2.1
1093.4	-5.9	1.5	4.1	1.5	5.5	0.1	1.5	0.1	2.8	-0.5	0.8	-0.5
1094.2	-4.0	-1.3	6.0	-1.3	4.0	-6.0	-1.3	0.7	0.0	-1.3	0.0	0.0
1094.9	-0.5	-1.9	5.5	4.1	6.8	-2.5	-2.5	-0.5	-0.5	0.1	2.1	2.1
1095.6	-1.5	2.5	7.2	4.5	5.2	2.5	0.5	3.2	1.2	2.5	3.2	4.5
1096.3	1.2	2.5	7.2	8.5	4.5	8.5	2.5	1.9	4.5	5.2	2.5	7.2
1097.0	0.1	2.1	6.8	3.5	0.1	8.8	1.5	2.1	6.1	3.5	2.8	4.8
1097.8	7.1	3.7	7.1	0.4	2.4	8.4	4.4	2.4	5.1	1.1	4.4	0.4
1098.5	2.9	6.9	2.3	-2.4	0.3	2.3	2.3	5.6	1.6	1.6	2.9	-1.7
1099.2	1.5	4.8	0.8	-1.9	2.1	1.5	4.8	3.5	-0.5	2.1	1.5	-1.9
1099.9	-3.2	4.1	0.1	1.5	0.8	-1.2	-0.5	1.5	-3.9	7.5	-0.5	-2.5
1100.6	-1.1	0.9	2.9	4.9	4.9	2.9	1.6	-0.4	-0.4	4.9	-0.4	0.3
1101.3	2.0	7.3	6.0	6.7	8.0	2.7	-0.0	-0.0	1.3	6.7	-1.3	2.0
1102.1	2.3	3.6	6.9	2.3	6.3	2.3	2.9	-1.1	2.3	4.3	-1.1	2.9
1102.8	3.5	5.5	4.8	2.8	3.5	0.8	-0.5	-3.9	1.5	4.8	-2.5	2.1
1103.5	1.3	3.3	0.0	0.7	1.3	2.0	2.7	-2.7	-0.7	3.3	-2.7	5.3
1104.2	6.1	3.5	1.5	2.8	1.5	2.8	1.5	0.8	0.8	4.8	-0.5	6.1
1104.9	5.3	0.0	2.0	0.0	-0.7	2.7	4.7	4.0	0.7	3.3	2.7	5.3
1105.7	2.9	0.3	2.9	1.6	-3.1	0.3	-0.4	4.9	2.3	0.3	5.6	0.9
1106.4	-0.7	-2.7	-2.0	4.0	-4.7	0.7	-1.3	4.7	4.0	-1.3	4.0	-0.7
1107.1	-1.2	-1.2	2.1	9.5	-1.2	-0.5	0.1	6.8	4.8	0.1	5.5	0.1
1107.8	0.3	-5.1	2.3	5.6	0.9	-1.7	5.6	6.3	6.3	-1.1	4.9	-0.4
1108.5	-0.3	-1.6	5.7	4.4	4.4	-1.6	7.1	5.1	5.7	-0.3	3.7	3.1
1109.2	-1.7	-0.4	2.3	-2.4	4.3	0.3	3.6	2.3	4.3	-1.7	0.3	0.3
1110.0	-0.9	-0.3	-0.3	-1.6	3.1	0.4	1.1	-1.6	-0.3	1.7	-0.3	1.7
1110.7	1.6	1.6	-1.1	-3.1	2.3	-1.1	-0.4	-3.7	-2.4	1.6	2.3	-0.4
1111.4	3.9	3.2	-1.5	0.5	3.2	-2.8	-0.8	-4.1	-0.8	5.2	4.5	-0.8
1112.1	3.1	3.7	-1.6	1.1	4.4	-2.9	-0.3	-0.3	1.7	3.7	5.1	3.1
1112.8	-1.2	3.5	-5.9	4.1	0.8	-3.9	0.8	2.1	6.1	-0.5	2.1	3.5
1113.6	1.1	0.4	-6.9	4.4	-0.9	-3.6	-0.9	3.7	3.7	-1.6	-0.3	4.4
1114.3	2.3	3.6	-3.1	2.9	-1.1	0.3	-1.7	4.3	6.3	-0.4	4.3	2.3
1115.0	8.4	2.4	-0.3	-0.3	0.4	1.1	-3.6	1.1	5.7	5.1	4.4	1.1
1115.7	6.7	4.7	-0.7	-0.0	0.7	2.0	-1.3	0.7	7.3	6.0	6.7	1.3
1116.4	3.1	2.4	0.4	2.4	1.7	-0.9	-2.9	-0.3	5.7	4.4	-0.9	-2.3
1117.1	-2.5	0.1	2.1	2.1	2.8	1.5	0.1	0.8	0.8	0.8	-2.5	-3.9
1117.9	-2.8	1.2	3.2	-2.8	-1.5	-2.1	-0.1	0.5	-0.8	-2.8	-4.8	-6.8
1118.6	1.5	3.5	2.1	-1.9	-0.5	-2.5	1.5	-0.5	-3.9	2.1	-1.9	-5.2
1119.3	5.1	3.1	-0.3	0.4	-0.3	-4.3	-3.6	0.4	-3.6	2.4	1.1	-2.9
1120.0	2.0	0.7	-0.7	0.7	4.7	-2.0	-0.7	-0.7	-3.3	4.0	2.7	2.7
1120.7	3.1	-0.3	-0.3	1.1	1.1	-1.6	0.4	0.4	-0.9	2.4	7.1	5.1
1121.4	2.7	2.7	0.0	2.0	-2.7	0.0	4.7	2.0	-1.3	6.7	5.3	3.3
1122.2	5.5	2.1	1.5	3.5	-1.9	4.8	2.8	4.1	-1.2	9.5	5.5	2.1
1122.9	2.0	4.0	-1.3	3.3	-1.3	4.0	1.3	4.7	2.7	6.7	1.3	-0.7
1123.6	-1.6	1.1	-3.6	-0.3	-0.3	0.4	-2.3	3.1	7.1	1.7	0.4	0.4
1124.3	-2.3	1.7	-4.3	-0.3	-2.9	-2.3	-2.3	2.4	8.4	1.1	1.7	-0.9
1125.0	-2.1	-0.1	-0.1	-2.1	-3.5	1.9	-3.5	1.9	6.5	0.5	1.9	-0.1
1125.7	0.1	0.8	0.1	-5.2	-4.5	3.5	-4.5	1.5	2.1	1.5	4.1	-1.9
1126.5	2.3	3.6	1.6	-5.1	0.3	2.3	-4.4	2.9	0.9	-2.4	-1.1	2.3
1127.2	6.3	4.3	-1.7	-0.4	5.6	0.3	-1.7	4.9	-0.4	1.6	1.6	2.9
1127.9	6.1	3.5	-1.2	1.5	8.1	-0.5	0.1	4.1	-0.5	-2.5	1.5	2.1
1128.6	4.9	-1.7	-1.7	0.9	0.9	-3.7	-0.4	2.3	-0.4	-1.1	6.3	2.3
1129.3	0.4	-2.3	-1.6	-3.6	-2.9	-4.9	-2.3	-1.6	-2.9	-6.9	2.4	-0.3
1130.0	-2.5	-2.5	-1.9	-1.2	-5.9	-5.9	-2.5	0.1	0.1	0.1	2.8	2.8
1130.7	-5.9	0.1	-0.5	-0.5	-1.2	-1.9	-3.2	-1.9	0.1	0.1	0.1	-1.2
1131.5	-3.5	2.5	2.5	-0.8	-0.1	0.5	-5.5	-0.1	1.2	4.5	1.2	0.5
1132.2	-3.2	1.5	6.1	-1.9	3.5	5.5	-2.5	0.1	0.1	4.1	-0.5	0.1
1132.9	0.4	-0.3	5.7	-5.6	5.1	4.4	-0.9	-2.9	-2.9	4.4	0.4	-0.3
1133.6	-2.8	-4.8	1.9	-4.8	1.2	1.2	-0.8	-3.5	-3.5	1.9	-0.8	-1.5
1134.3	0.4	-4.9	3.7	-2.3	-0.3	-2.3	-2.9	-8.3	-6.3	-0.9	1.1	-3.6
1135.0	0.9	-3.1	5.6	2.9	1.6	-2.4	-1.7	-1.7	-5.1	3.6	5.6	-3.7
1135.8	6.9	-1.7	8.9	5.6	4.9	0.3	2.9	-0.4	-2.4	5.6	9.6	-1.1
1136.5	6.4	2.4	3.7	5.1	7.1	1.1	4.4	1.7	-0.3	7.7	7.7	1.1
1137.2	0.7	6.7	-2.0	3.3	0.0	1.3	0.7	-0.7	-1.3	4.0	4.0	5.3
1137.9	-5.6	6.4	-4.3	-2.3	-0.9	-0.3	-2.3	-2.3	-0.3	3.1	3.1	-0.3
1138.6	-5.9	3.5	-3.2	-3.2	-1.9	-1.2	-3.2	2.8	2.1	2.1	4.8	1.5
1139.3	-4.7	-0.7	0.0	-4.7	-0.7	-1.3	-4.0	2.0	6.0	-2.0	4.7	-2.0
1140.0	-2.1	-0.8	-0.1	1.2	-1.5	-1.5	-4.8	-0.1	1.2	-0.8	1.9	0.5
1140.8	-3.3	4.0	4.7	2.7	-0.7	0.0	-2.7	-0.7	0.0	-0.7	2.7	0.0
1141.5	-2.4	1.6	4.9	2.3	1.6	1.6	0.3	1.6	-0.4	2.3	-1.1	-2.4
1142.2	-6.9	-0.9	1.7	0.4	2.4	0.4	-0.9	4.4	1.1	-1.6	-4.3	-4.9
1142.9	-5.3	-4.0	-6.0	-1.3	0.0	-2.0	-0.7	2.0	0.0	-2.7	-6.7	-4.0
1143.6	-3.5	-0.8	-6.8	2.5	1.2	-0.8	0.5	-0.8	-2.1	-0.8	-3.5	-3.5
1144.3	4.0	4.0	-2.0	1.3	0.7	1.3	2.0	0.7	-0.0	0.7	1.3	-1.3
1145.0	4.7	8.7	0.0	5.3	1.3	5.3	3.3	2.7	4.0	4.0	4.0	1.3
1145.7	3.6	7.6	-4.4	2.9	-1.7	0.9	-0.4	4.3	5.6	-1.7	6.3	3.6
1146.5	0.9	6.3	-5.1	2.3	-1.7	0.3	0.9	3.6	4.3	-3.1	3.6	7.6
1147.2	-1.7	0.9	-1.1	-1.1	-1.1	-3.1	-1.1	-1.7	2.9	-3.1	2.9	4.3
1147.9	-0.8	-0.1	3.2	-1.5	1.2	-1.5	-0.1	-2.8	3.2	-0.8	1.2	1.2
1148.6	-0.1	-5.5	1.9	-3.5	3.2	-3.5	-2.1	-2.1	3.2	-0.1	-0.8	-2.1
1149.3	1.9	-4.8	0.5	-4.8	1.9	-4.1	-4.1	1.9	-0.8	-0.8	-2.8	0.5
1150.0	2.9	-5.1	-1.7	-3.1	0.3	-3.1	-2.4	1.6	-1.7	1.6	-4.4	3.6
1150.7	4.1	-1.9	-1.9	-1.9	-1.9	-1.2	-0.5	0.8	-4.5	1.5	-2.5	2.8
1151.5	5.3	3.3	-4.7	-0.7	-2.0	0.0	0.0	-2.0	-5.3	2.7	-4.7	3.3
1152.2	8.8	5.5	-3.2	-2.5	-3.2	0.8	4.1	0.8	-4.5	2.1	-3.2	4.8
1152.9	6.0	7.3	-3.3	0.7	-6.0	2.7	0.7	0.7	-2.7	4.0	-1.3	6.7
1153.6	6.4	3.7	1.1	1.1	-5.6	3.1	1.1	3.1	-0.9	1.1	1.7	3.1
1154.3	0.7	2.0	4.7	2.7	-4.7	3.3	-3.3	1.3	2.0	0.0	0.0	0.7
1155.0	2.0	-0.7	1.3	0.7	1.3	-0.7	-2.0	0.7	3.3	-2.7	-1.3	-2.0
1155.7	-0.5	-0.5	-3.2	0.1	2.8	-3.2	-0.5	1.5	4.8	-3.2	-3.2	-1.9
1156.4	0.5	3.9	-4.1	0.5	3.2	-4.1	0.5	-0.8	2.5	-2.8	-0.1	-2.1
1157.2	0.7	3.3	-1.3	0.7	0.0	-1.3	1.3	0.7	3.3	-1.3	-0.7	-2.0
1157.9	0.7	0.7	2.0	-1.3	-3.3	-1.3	-2.7	0.7	0.7	-0.7	-0.7	-4.7
1158.6	1.5	-1.9	2.1	-1.9	-1.2	0.1	-1.9	7.5	1.5	-0.5	-1.2	-3.2
1159.3	2.9	1.6	4.3	-1.1	1.6	1.6	0.9	8.3	2.9	1.6	1.6	0.9
1160.0	4.7	0.0	3.3	2.0	0.7	4.7	5.3	10.0	6.0	-0.7	3.3	6.0
1160.7	5.7	-2.3	1.7	3.1	-2.9	3.7	5.7	6.4	7.7	1.7	-0.3	8.4
1161.4	5.9	-1.5	3.2	2.5	-4.1	1.2	5.9	5.9	6.5	2.5	-0.8	7.9
1162.1	7.5	0.8	4.8	0.8	1.5	0.1	3.5	6.1	6.1	7.5	-1.2	7.5
1162.9	5.2	0.5	5.2	-2.8	5.9	-1.5	1.9	1.9	4.5	5.2	-2.8	5.2
1163.6	4.3	-3.1	4.3	-3.7	4.9	-3.1	-1.7	-0.4	1.6	2.3	-2.4	2.9
1164.3	-0.7	-0.7	5.3	-5.3	2.7	-2.0	2.0	-2.0	0.7	2.0	-0.7	0.0
1165.0	0.7	2.0	3.3	-3.3	-1.3	-4.0	2.0	0.7	-3.3	2.0	3.3	0.7
1165.7	2.3	8.3	5.6	-0.4	-1.1	-1.1	3.6	3.6	-0.4	1.6	2.9	4.3
